     CP   Năm  Hàng tồn kho ròng  Tài sản lưu động khác  Tài sản dài hạn khác  \
0   TXM  2023          506726050              991120759              24464000   
1   TXM  2022         6185759375              925363281                     0   
2   TXM  2021         1779639039             1194131317               6982788   
3   TXM  2020         1316047507              306917872                     0   
4   TXM  2019         9535950971             1353535723                     0   
5   TXM  2018         4432306153              927667059                     0   
6   TXM  2017         8585133519             1397794410                     0   
7   TXM  2016        11249792005             1220287212                     0   
8   TXM  2015        17479652980              448141345                     0   
9   TXM  2014        14272023285             1065138715                     0   
10  TXM  2013        13394734177              974966208                     0   

    Các quỹ khác  Các quỹ khác  Các quỹ khác  Các quỹ khác  \
0     1418399955    1032320000    1418399955    1032320000   
1     1418399955    1032320000    1418399955    1032320000   
2     1418399955    1032320000    1418399955    1032320000   
3     1418399955    1032320000    1418399955    1032320000   
4     1418399955    1032320000    1418399955    1032320000   
5     1418399955    1032320000    1418399955    1032320000   
6     1418399955    1032320000    1418399955    1032320000   
7     1418399955    1032320000    1418399955    1032320000   
8     1418399955    1032320000    1418399955    1032320000   
9     1418399955             0    1418399955             0   
10    1140341972             0    1140341972             0   

    Tài sản cố định hữu hình  Tài sản cố định vô hình  \
0                  460715936                        0   
1                  677754558                        0   
2                 1055838132                        0   
3                 1165828902                        0   
4                 1509634967                        0   
5                 1387324376                 22033157   
6                 1713040926                 44366489   
7                 2184566955                 66699821   
8                 1913564721                        0   
9                 1238731247                        0   
10                1664020612                        0   

    TÀI SẢN NGẮN HẠN (Tỷ đồng)  Tiền và tương đương tiền (Tỷ đồng)  \
0                 134903287752                          5021552325   
1                 196201897007                          4554265806   
2                 160859753106                          6411601499   
3                 135035571404                         32915823725   
4                 140381917844                         15848248033   
5                 154607260568                         10697890979   
6                 197357956604                         12678832614   
7                 161946713740                         37053463124   
8                 136387212320                         27224664204   
9                 151932302702                         42724346657   
10                154585095021                         80130098572   

    Các khoản phải thu ngắn hạn (Tỷ đồng)  \
0                            128383888618   
1                            184536508545   
2                            151474381251   
3                            100496782300   
4                            113644183117   
5                            138549396377   
6                            174696196061   
7                            112423171399   
8                             91234753791   
9                             93870794045   
10                            60085296064   

    Trả trước cho người bán ngắn hạn (Tỷ đồng)  Hàng tồn kho, ròng (Tỷ đồng)  \
0                                   2549968719                     506726050   
1                                   4687239582                    6420659865   
2                                   6751518171                    1779639039   
3                                   2389693321                    1316047507   
4                                   1910932556                    9535950971   
5                                   5917992907                    4686947988   
6                                  16839340309                    8839775354   
7                                     43165816                   11504433840   
8                                     32541300                   17708006730   
9                                     62264841                   14272023285   
10                                  5366309676                   14725155177   

    Tài sản lưu động khác (Tỷ đồng)  TÀI SẢN DÀI HẠN (Tỷ đồng)  \
0                                 0                  485179936   
1                                 0                  677754558   
2                                 0                 1062820920   
3                                 0                 1165828902   
4                                 0                 1509634967   
5                                 0                 1409357533   
6                                 0                 1757407415   
7                                 0                23169705006   
8                                 0                22399269493   
9                                 0                21777782274   
10                         85176154                32233909310   

    TỔNG CỘNG NGUỒN VỐN (Tỷ đồng)  Lãi chưa phân phối (Tỷ đồng)  \
0                    135388467688                   -4640473047   
1                    196879651565                      26637002   
2                    161922574026                       8941563   
3                    136201400306                     361921200   
4                    141891552811                    2135052005   
5                    156016618101                     612322085   
6                    199115364019                    8207391399   
7                    185116418746                   10160969840   
8                    158786481813                    3642486633   
9                    173710084976                    6401971806   
10                   186819004331                    5561159652   

    Quỹ đầu tư và phát triển (Tỷ đồng)  Cổ phiếu phổ thông (Tỷ đồng)  \
0                          24862074052                   70000000000   
1                          24862074052                   70000000000   
2                          24862074052                   70000000000   
3                          24862074052                   70000000000   
4                          24862074052                   70000000000   
5                          24862074052                   70000000000   
6                          22496168933                   70000000000   
7                          18617293061                   70000000000   
8                          18214806428                   70000000000   
9                          16745647573                   70000000000   
10                         12736544560                   70000000000   

    Vốn góp của chủ sở hữu (Tỷ đồng)  Vốn và các quỹ (Tỷ đồng)  \
0                        70000000000              110872320960   
1                        70000000000              115539431009   
2                        70000000000              115521735570   
3                        70000000000              115874715207   
4                        70000000000              117647846012   
5                        70000000000              116125116092   
6                        70000000000              121354280287   
7                        70000000000              119428982856   
8                        70000000000              112508013016   
9                        70000000000              112766019334   
10                       70000000000              109776279458   

    VỐN CHỦ SỞ HỮU (Tỷ đồng)  Người mua trả tiền trước ngắn hạn (Tỷ đồng)  \
0               110872320960                                            0   
1               115539431009                                            0   
2               115521735570                                            0   
3               115874715207                                      1940293   
4               117647846012                                      7490303   
5               116125116092                                     12962321   
6               121354280287                                     75856961   
7               119428982856                                     98638749   
8               112508013016                                     96166524   
9               112766019334                                     13113845   
10              109776279458                                    240640033   

    Vay và nợ thuê tài chính ngắn hạn (Tỷ đồng)  Nợ ngắn hạn (Tỷ đồng)  \
0                                    6169496100            24516146728   
1                                   25298503283            81340220556   
2                                   19409777250            46400838456   
3                                             0            20326685099   
4                                             0            24243706799   
5                                    5652232135            39891502009   
6                                   20726683400            77761083732   
7                                             0            65687435890   
8                                             0            46278468797   
9                                             0            60944065642   
10                                   8934858240            77042724873   

    NỢ PHẢI TRẢ (Tỷ đồng)  TỔNG CỘNG TÀI SẢN (Tỷ đồng)  \
0             24516146728                 135388467688   
1             81340220556                 196879651565   
2             46400838456                 161922574026   
3             20326685099                 136201400306   
4             24243706799                 141891552811   
5             39891502009                 156016618101   
6             77761083732                 199115364019   
7             65687435890                 185116418746   
8             46278468797                 158786481813   
9             60944065642                 173710084976   
10            77042724873                 186819004331   

    Trả trước dài hạn (Tỷ đồng)  Tài sản cố định (Tỷ đồng)  
0                      24464000                  460715936  
1                             0                  677754558  
2                             0                 1055838132  
3                             0                 1165828902  
4                             0                 1509634967  
5                             0                 1409357533  
6                             0                 1757407415  
7                             0                 2251266776  
8                             0                 1913564721  
9                             0                 1238731247  
10                            0                32233909310  
     CP   Năm  Lãi/Lỗ ròng trước thuế  Tăng trưởng doanh thu (%)  \
0   TXM  2023             -4667110049                  -0.560266   
1   TXM  2022               220293454                   0.087009   
2   TXM  2021                58803081                   0.389391   
3   TXM  2020               448187442                  -0.412982   
4   TXM  2019              1213525621                  -0.362458   
5   TXM  2018               898144567                  -0.180660   
6   TXM  2017             10638476998                  -0.087477   
7   TXM  2016             12759212300                   0.050526   
8   TXM  2015              4327164159                  -0.091230   
9   TXM  2014              8250055283                   0.155899   
10  TXM  2013              7588418464                   0.000000   

    Doanh thu (Tỷ đồng)  Lợi nhuận sau thuế của Cổ đông công ty mẹ (Tỷ đồng)  \
0          111051710760                                        -4667110049     
1          252542711891                                           17695439     
2          232328092170                                            8941563     
3          167215729527                                          361921200     
4          284856122072                                          936684508     
5          446803936677                                          612322085     
6          545321822379                                         8207391399     
7          597597764626                                        10160969840     
8          568855862480                                         3322388044     
9          625962553308                                         6401971806     
10         541537503198                                         5561159652     

    Tăng trưởng lợi nhuận (%)  Thu nhập tài chính  Thu nhập tài chính  \
0                 -264.746497           599313154           599313154   
1                    0.979010           802765369           802765369   
2                   -0.975294          1105767592          1105767592   
3                   -0.613615           654230016           654230016   
4                    0.529725            51459335            51459335   
5                   -0.925394            62490559            62490559   
6                   -0.192263           184747284           184747284   
7                    2.058333          1036750934          1036750934   
8                   -0.481037           723236689           723236689   
9                    0.151194          1063663664          1063663664   
10                   0.000000           559971333           559971333   

    Chi phí tiền lãi vay  Chi phí tiền lãi vay  Doanh thu thuần  \
0             -956356859            -956356859     110971234757   
1            -1411611233           -1411611233     252408382976   
2             -106311665            -106311665     232205717173   
3                      0                     0     165628960441   
4              -84588622             -84588622     278942179567   
5             -473704863            -473704863     443507285569   
6             -243363007            -243363007     541210169860   
7                      0                     0     593677966614   
8               -6116968              -6116968     565752483728   
9              -34751589             -34751589     620536635447   
10            -368318821            -368318821     535328550480   

    Doanh thu thuần      Lãi gộp      Lãi gộp  Chi phí tài chính  \
0      110971234757  18423192727  18423192727        -1223965378   
1      252408382976  41122109804  41122109804        -1927909047   
2      232205717173  35136494886  35136494886         -191205235   
3      165628960441  34923106994  34923106994          -50720995   
4      278942179567  41751664934  41751664934         -109513236   
5      443507285569  65975998198  65975998198         -604211346   
6      541210169860  75944415760  75944415760         -246355478   
7      593677966614  88415265980  88415265980          -65963603   
8      565752483728  72614939867  72614939867         -414306603   
9      620536635447  84792751370  84792751370          -86746653   
10     535328550480  82763964063  82763964063         -903253014   

    Chi phí tài chính  Chi phí quản lý DN  Chi phí quản lý DN  \
0         -1223965378        -10491495586        -10491495586   
1         -1927909047        -10026905195        -10026905195   
2          -191205235         -9920178859         -9920178859   
3           -50720995        -11390457349        -11390457349   
4          -109513236        -13043376404        -13043376404   
5          -604211346        -13972466422        -13972466422   
6          -246355478        -21244380681        -21244380681   
7           -65963603        -21863388699        -21863388699   
8          -414306603        -19454425669        -19454425669   
9           -86746653        -17303938059        -17303938059   
10         -903253014        -16123990149        -16123990149   

    Lãi/Lỗ từ hoạt động kinh doanh  Lãi/Lỗ từ hoạt động kinh doanh  \
0                      -4707926345                     -4707926345   
1                        139938779                       139938779   
2                       -426850777                      -426850777   
3                        421568040                       421568040   
4                        480915764                       480915764   
5                      -1636082363                     -1636082363   
6                       1921923161                      1921923161   
7                      10753622428                     10753622428   
8                      -3170021963                     -3170021963   
9                       3732274174                      3732274174   
10                      4510945697                      4510945697   

    Thu nhập/Chi phí khác  Giá vốn hàng bán  Chi phí bán hàng  \
0                -5246674      -92548042030      -12014971262   
1                -2728009     -211286273172      -29830122152   
2               -12700613     -197069222287      -26557729161   
3                -1102385     -130705853447      -23714590626   
4                -3795165     -237190514633      -28169318865   
5               -57921351     -377531287371      -53097893352   
6            -14563247128     -465265754100      -52716503724   
7                -5924788     -505262700634      -56769042184   
8             -1062367838     -493137543861      -56639466247   
9            -11934453191     -535743884077      -64733456148   
10            -1153379912     -452564586417      -61785746536   

    Chi phí bán hàng  Doanh thu bán hàng và cung cấp dịch vụ  \
0       -12014971262                            111051710760   
1       -29830122152                            252542711891   
2       -26557729161                            232328092170   
3       -23714590626                            167215729527   
4       -28169318865                            284856122072   
5       -53097893352                            446803936677   
6       -52716503724                            545321822379   
7       -56769042184                            597597764626   
8       -56639466247                            568855862480   
9       -64733456148                            625962553308   
10      -61785746536                            541537503198   

    Các khoản giảm trừ doanh thu  Thu nhập khác  Lợi nhuận khác  \
0                      -80476003       46062970        40816296   
1                     -134328915       83082684        80354675   
2                     -122374997      498354471       485653858   
3                    -1586769086       27721787        26619402   
4                    -5913942505      736405022       732609857   
5                    -3296651108     2592148281      2534226930   
6                    -4111652519    23279800965      8716553837   
7                    -3919798012     2011514660      2005589872   
8                    -3103378752     8559553960      7497186122   
9                    -5425917861    16452234300      4517781109   
10                   -6208952718     4230852679      3077472767   

    LN trước thuế   Thuế TNDN  Chi phí thuế TNDN hiện hành  \
0     -4667110049           0                            0   
1       220293454  -202598015                   -195615227   
2        58803081   -49861518                    -56844306   
3       448187442   -86266242                    -86266242   
4      1213525621  -276841113                   -276841113   
5       898144567  -285822482                   -285822482   
6     10638476998 -2431085599                  -2431085599   
7     12759212300 -2598242460                  -2598242460   
8      4327164159 -1004776115                  -1004776115   
9      8250055283 -1848083477                  -1848083477   
10     7588418464 -2027258812                  -2027258812   

    Chi phí thuế TNDN hoãn lại  Lợi nhuận thuần  Cổ đông của Công ty mẹ  \
0                            0      -4667110049             -4667110049   
1                     -6982788         17695439                17695439   
2                      6982788          8941563                 8941563   
3                            0        361921200               361921200   
4                            0        936684508               936684508   
5                            0        612322085               612322085   
6                            0       8207391399              8207391399   
7                            0      10160969840             10160969840   
8                            0       3322388044              3322388044   
9                            0       6401971806              6401971806   
10                           0       5561159652              5561159652   

    Lãi cơ bản trên cổ phiếu  
0                       -667  
1                          3  
2                          1  
3                         52  
4                        134  
5                         87  
6                       1172  
7                       1452  
8                        475  
9                        703  
10                       794  
     CP   Năm  Tiền và tương đương tiền  \
0   TXM  2023                4554265806   
1   TXM  2022                6411601499   
2   TXM  2021               32915823725   
3   TXM  2020               15848248033   
4   TXM  2019               10697890979   
5   TXM  2018               12678832614   
6   TXM  2017               37053463124   
7   TXM  2016               27224664204   
8   TXM  2015               42724346657   
9   TXM  2014               80130098572   
10  TXM  2013               17277941276   

    Lãi/Lỗ chênh lệch tỷ giá chưa thực hiện  Lãi/Lỗ từ hoạt động đầu tư  \
0                                   3629785                  -568740254   
1                                -209612651                  -418210130   
2                                  43457561                  -973541058   
3                                  -7611205                  -621493074   
4                                 -17930822                  -696224836   
5                                  -6344397                   -31615265   
6                                    466293                 -7296766848   
7                                  63394023                 -1034181354   
8                                 192451647                  -723236689   
9                                  21904240                 -1054936664   
10                                -28003980                  -315006965   

    Thu nhập lãi  Tăng/Giảm các khoản phải thu  Tăng/Giảm các khoản phải thu  \
0      956356859                   54714846988                   54714846988   
1     1411611233                  -33463452408                  -33463452408   
2      106311665                  -51801103210                  -51801103210   
3              0                   14128072581                   14128072581   
4       84588622                   23835501833                   23835501833   
5      473704863                   36278520895                   36278520895   
6      243363007                  -41053469271                  -41053469271   
7              0                  -22709242461                  -22709242461   
8        6116968                    3255354224                    3255354224   
9       34751589                  -33573360540                  -33573360540   
10     368318821                   52740864115                   52740864115   

    Tăng/Giảm hàng tồn kho  Tăng/Giảm các khoản phải trả  \
0               5913933815                  -37374847869   
1              -4641020826                   29806026338   
2               -508282978                    7365944221   
3               8219903464                   -4369818255   
4              -4849002983                   -9267131759   
5               4152827366                  -21869014986   
6               2664658486                  -18323927199   
7               6203572890                   17724701702   
8              -3435983445                  -14265603145   
9                453131892                    2574982093   
10              6779589476                  -10212991907   

    Tăng/Giảm các khoản phải trả  Tăng/Giảm chi phí trả trước  \
0                   -37374847869                     30416000   
1                    29806026338                    -54880000   
2                     7365944221                            0   
3                    -4369818255                    107946087   
4                    -9267131759                    -49519623   
5                   -21869014986                    -58426464   
6                   -18323927199                            0   
7                    17724701702                      2316600   
8                   -14265603145                     -2316600   
9                     2574982093                            0   
10                  -10212991907                     58331520   

    Chi phí lãi vay đã trả  Tiền thu nhập doanh nghiệp đã trả  \
0               -985433833                         -170652466   
1              -1394383079                                  0   
2                -85391095                          -17651281   
3                        0                                  0   
4                -93260540                         -529217246   
5               -489237853                        -1268313199   
6               -243363007                        -2457820872   
7                        0                        -1597159260   
8                 -6116968                        -1569347119   
9                -34751589                        -1293754628   
10              -349442035                        -2451013107   

    Tiền thu khác từ các hoạt động kinh doanh  \
0                                     3300000   
1                                     3300000   
2                                           0   
3                                  -725646000   
4                                           0   
5                                           0   
6                                           0   
7                                    23000000   
8                                    10000000   
9                                           0   
10                                65893865671   

    Tiền chi khác từ các hoạt động kinh doanh  \
0                                  -153341000   
1                                  -745951400   
2                                 -1166392000   
3                                           0   
4                                  -594660000   
5                                 -1570930000   
6                                 -1020440000   
7                                  -699718000   
8                                 -1478105556   
9                                 -1756216600   
10                               -56623543093   

    Lưu chuyển tiền tệ ròng từ các hoạt động SXKD  \
0                                     19011985885   
1                                     -8130407735   
2                                    -46610975152   
3                                     17481347105   
4                                     10107662438   
5                                     17254198013   
6                                    -56510663896   
7                                     12747175671   
8                                    -13103782248   
9                                    -27304825621   
10                                    65265731451   

    Tiền thu được từ thanh lý tài sản cố định  Tiền thu được các khoản đi vay  \
0                                           0                     38803137991   
1                                    26363636                     97978002255   
2                                           0                     19409777250   
3                                           0                               0   
4                                   679532052                     32440241280   
5                                           0                     82298303133   
6                                 15527685647                     52397755410   
7                                           0                               0   
8                                           0                     11989803355   
9                                           0                     16821498168   
10                                          0                     33083403451   

    Tiền trả các khoản đi vay  Cổ tức đã trả  Lưu chuyển tiền thuần trong kỳ  \
0                -57932145174              0                       462029640   
1                -92089276222              0                     -1855514446   
2                           0              0                    -26503798895   
3                           0    -1035025726                     17067814453   
4                -38092473415       -1260000                      5150395139   
5                -97372754398    -4189858000                     -1978495987   
6                -31671072010    -4193262000                    -24374078675   
7                           0    -2795081500                      9826229340   
8                -11989803355    -2094990000                    -15507855559   
9                -25756356408    -2094005625                    -37406752822   
10               -33073102666    -2793132500                     62852235880   

    Ảnh hưởng của chênh lệch tỷ giá  Tiền và tương đương tiền cuối kỳ  \
0                           5256879                        5021552325   
1                          -1821247                        4554265806   
2                           -423331                        6411601499   
3                           -238761                       32915823725   
4                            -38085                       15848248033   
5                          -2445648                       10697890979   
6                           -551835                       12678832614   
7                           2569580                       37053463124   
8                           8173106                       27224664204   
9                           1000907                       42724346657   
10                           -78584                       80130098572   

    Khấu hao TSCĐ  Dự phòng RR tín dụng  \
0       257703622            1051924287   
1       378083574             977788160   
2       366869942                     0   
3       343806065             -42000000   
4       377631785             693362386   
5       348049882             396832604   
6       493859361            -155700844   
7       389610672            1621668559   
8       357486526             228353750   
9       425289365           -1351920062   
10      485923471            1330421000   

    Lưu chuyển tiền thuần từ HĐKD trước thay đổi VLĐ  Mua sắm TSCĐ  \
0                                        -2966235750     -20000000   
1                                         2359953640     -14128354   
2                                         -398098809    -242750818   
3                                          120889228             0   
4                                         1654952756             0   
5                                         2078772254             0   
6                                         3923697967             0   
7                                        13799704200   -1160046185   
8                                         4388336361   -1032320000   
9                                         6325143751    -128000000   
10                                        9430070811     -44820909   

    Tiền thu cổ tức và lợi nhuận được chia  Lưu chuyển từ hoạt động đầu tư  \
0                                599050938                       579050938   
1                                373931974                       386167256   
2                                940149825                       697399007   
3                                621493074                       621493074   
4                                 16692784                       696224836   
5                                 31615265                        31615265   
6                                 75478174                     15603163821   
7                               1034181354                      -125864831   
8                                723236689                      -309083311   
9                               1054936664                       926936664   
10                               414157053                       369336144   

    Lưu chuyển tiền từ hoạt động tài chính  
0                             -19129007183  
1                               5888726033  
2                              19409777250  
3                              -1035025726  
4                              -5653492135  
5                             -19264309265  
6                              16533421400  
7                              -2795081500  
8                              -2094990000  
9                             -11028863865  
10                             -2782831715  
   Meta          Chỉ tiêu định giá                    \
     CP   Năm Kỳ               P/B Vốn hóa (Tỷ đồng)   
0   TXM  2023  5          0.271483       30100000000   
1   TXM  2022  5          0.278693       32200000000   
2   TXM  2021  5          0.218141       25200000000   
3   TXM  2020  5          0.525568       60900000000   
4   TXM  2019  5          0.386747       45500000000   
5   TXM  2018  5          0.391819       45500000000   
6   TXM  2017  5          0.374935       45500000000   
7   TXM  2016  5          0.380980       45500000000   
8   TXM  2015  5          0.404416       45500000000   
9   TXM  2014  5          0.403490       45500000000   
10  TXM  2013  5          0.414479       45500000000   

                                                                              \
   Số CP lưu hành (Triệu CP)          P/E       P/S P/Cash Flow    EPS (VND)   
0                    7000000    -6.449387  0.271241    1.583212  -666.730007   
1                    7000000  1819.677941  0.127571   -3.960441     2.527920   
2                    7000000  2818.299217  0.108524   -0.540645     1.277366   
3                    7000000  4236.965921  0.367689    3.483713    51.703029   
4                    7000000    48.575587  0.163116    4.501535   133.812073   
5                    7000000   -96.249461  0.102591    2.637039    87.474584   
6                    7000000     6.929738  0.084071   -0.805158  1172.484486   
7                    7000000     5.597399  0.076641    3.569418  1451.567120   
8                    7000000    15.785522  0.080424   -3.472280   474.626863   
9                    7000000     7.107185  0.073324   -1.666372   914.567401   
10                   7000000     8.181747  0.084995    0.697150   794.451379   

                             Chỉ tiêu khả năng sinh lợi  \
      BVPS (VND)   EV/EBITDA     Biên lợi nhuận gộp (%)   
0   15838.902994   -8.168179                   0.166018   
1   16505.633001   32.220869                   0.162919   
2   16503.105081  -39.195980                   0.151316   
3   16553.530744  172.885811                   0.210851   
4   16806.835145   32.349667                   0.149679   
5   16589.302299  -54.205691                   0.148760   
6   17336.325755   21.614617                   0.140323   
7   17061.283265    0.830335                   0.148928   
8   16072.573288   -5.854729                   0.128351   
9   16109.431333    0.872670                   0.136644   
10  15682.325637   -4.811707                   0.154604   

                                                                        \
   Biên lợi nhuận ròng (%)   ROE (%)  ROIC (%)   ROA (%) Biên EBIT (%)   
0                -0.042057 -0.041227 -0.034887 -0.028092     -0.036796   
1                 0.000070  0.000153  0.008983  0.000099      0.005012   
2                 0.000039  0.000077 -0.009941  0.000060     -0.005777   
3                 0.002185  0.003100 -0.001570  0.002603     -0.001098   
4                 0.003358  0.008014  0.004581  0.006288      0.001932   
5                 0.001381  0.005157 -0.008987  0.003448     -0.002468   
6                 0.015165  0.068172  0.013961  0.042721      0.003665   
7                 0.017115  0.087618  0.081913  0.059092      0.016478   
8                 0.005873  0.029496 -0.030922  0.019984     -0.006149   
9                 0.010317  0.057535  0.024434  0.035514      0.004440   
10                0.010388  0.051320  0.040891  0.029102      0.009068   

                                                       \
   EBITDA (Tỷ đồng) EBIT (Tỷ đồng) Tỷ suất cổ tức (%)   
0       -3825570499    -4083274121           0.000000   
1        1643166031     1265082457           0.000000   
2        -974543192    -1341413134           0.000000   
3         161865084     -181940981           0.000000   
4         916601450      538969665           0.023077   
5        -746311694    -1094361576           0.000000   
6        2477390716     1983531355           0.092308   
7       10172445769     9782835097           0.092308   
8       -3121465523    -3478952049           0.061538   
9        3180646528     2755357163           0.046154   
10       5340150849     4854227378           0.046154   

          Chỉ tiêu thanh khoản                             \
   Chỉ số thanh toán hiện thời Chỉ số thanh toán tiền mặt   
0                     5.502630                   0.204826   
1                     2.412114                   0.055990   
2                     3.466742                   0.138179   
3                     6.643266                   1.619340   
4                     5.790448                   0.653706   
5                     3.875694                   0.268175   
6                     2.538004                   0.163049   
7                     2.465414                   0.564088   
8                     2.947099                   0.588279   
9                     2.492979                   0.701042   
10                    2.006485                   1.040074   

                                                                       \
   Chỉ số thanh toán nhanh Khả năng chi trả lãi vay Đòn bẩy tài chính   
0                 5.441534                 4.269613          1.221121   
1                 2.324690                -0.896197          1.704004   
2                 3.402654                12.617742          1.401663   
3                 6.563422                 0.000000          1.175420   
4                 5.341280                -6.371657          1.206070   
5                 3.741330                 2.310218          1.343522   
6                 2.409625                -8.150505          1.640777   
7                 2.275574                 0.000000          1.550013   
8                 2.559709               568.737984          1.411335   
9                 2.241320               -79.287228          1.540447   
10                1.819969               -13.179417          1.701816   

   Chỉ tiêu hiệu quả hoạt động                                            \
             Vòng quay tài sản Vòng quay TSCĐ Số ngày thu tiền bình quân   
0                     0.667962     194.947933                 474.120821   
1                     1.406950     291.196870                 217.596206   
2                     1.557780     209.037370                 182.814392   
3                     1.191177     123.813266                 234.638307   
4                     1.872672     191.122231                 161.036218   
5                     2.497704     280.101171                 116.279985   
6                     2.817103     270.019535                  87.580289   
7                     3.452591     285.090990                  61.461566   
8                     3.403058     358.946298                  58.851152   
9                     3.442367      37.077244                  43.317102   
10                    2.801385      16.461741                  56.080045   

                                                                       \
   Số ngày tồn kho bình quân Số ngày thanh toán bình quân Chu kỳ tiền   
0                  13.660450                   132.025248  619.806519   
1                   7.083066                    64.883234  289.562506   
2                   2.866824                    35.246041  220.927257   
3                  15.152265                    45.589941  295.380513   
4                  10.943435                    35.033563  207.013216   
5                   6.538867                    34.444657  157.263510   
6                   7.979995                    38.845832  134.406115   
7                  10.551482                    32.780204  104.793252   
8                  11.835147                    30.398331  101.084630   
9                   9.877826                    31.420278   84.615206   
10                 14.609974                    38.989051  109.679069   

                          Chỉ tiêu cơ cấu nguồn vốn                           \
   Vòng quay hàng tồn kho          (Vay NH+DH)/VCSH   Nợ/VCSH TSCĐ / Vốn CSH   
0               26.719471                  0.055645  0.221121       0.004155   
1               51.531359                  0.218960  0.704004       0.005866   
2              127.318590                  0.168018  0.401663       0.009140   
3               24.088808                  0.000000  0.175420       0.010061   
4               33.353329                  0.000000  0.206070       0.012832   
5               55.820065                  0.048674  0.343522       0.012137   
6               45.739380                  0.170795  0.640777       0.014482   
7               34.592296                  0.000000  0.550013       0.018850   
8               30.840343                  0.000000  0.411335       0.017008   
9               36.951449                  0.000000  0.540447       0.010985   
10              24.982933                  0.081392  0.701816       0.293633   

                        
   Vốn CSH/Vốn điều lệ  
0             1.583890  
1             1.650563  
2             1.650311  
3             1.655353  
4             1.680684  
5             1.658930  
6             1.733633  
7             1.706128  
8             1.607257  
9             1.610943  
10            1.568233  
