     CP   Năm  Hàng tồn kho ròng  Tài sản lưu động khác  Tài sản dài hạn khác  \
0   VGS  2023       427480584416            11701717848           19351583869   
1   VGS  2022       433166301386              101571444           16990685224   
2   VGS  2021       621519020895             7814366046           15865081777   
3   VGS  2020       463649575458             8400034140           27199169379   
4   VGS  2019       417818585160             5987827792           38793218500   
5   VGS  2018       378328855208             7715231561           29810652644   
6   VGS  2017       633725801923            22412301236           25010245361   
7   VGS  2016       403748137238             8278921141           11374993985   
8   VGS  2015       200543434511            12384160126           16476841839   
9   VGS  2014       345135826598            44540799691           10246863799   
10  VGS  2013       181144918717            38585041399           12270678074   

    Các quỹ khác  Các quỹ khác  Các quỹ khác  Các quỹ khác  \
0    11582581167   48000000000   11582581167   48000000000   
1    11582581167             0   11582581167             0   
2    10378958843             0   10378958843             0   
3     7876528392             0    7876528392             0   
4     6464494460             0    6464494460             0   
5     5661628693             0    5661628693             0   
6     4737650313             0    4737650313             0   
7     1560759181             0    1560759181             0   
8      372666308             0     372666308             0   
9              0             0             0             0   
10             0             0             0             0   

    LỢI ÍCH CỦA CỔ ĐÔNG THIỂU SỐ  Đầu tư vào công ty liên doanh  \
0                      125718286                   113638549053   
1                      135917523                   172803973069   
2                      122368305                   139431363873   
3                       94198356                   119238508277   
4                       78303039                   110583525837   
5                       69265152                    99892192159   
6                       86941741                    99060043297   
7                       74002932                   100861312722   
8                       61371550                    93228709584   
9                      651631717                    82071229120   
10                             0                    78175490002   

    Tài sản cố định hữu hình  Tài sản cố định vô hình  \
0               109383789457              16614230935   
1               123551047602              16962618535   
2               129832741602              17311006135   
3               142346463635              17659393735   
4               156147877787              18007781335   
5                97324280678              14279792563   
6               115618285161              14628180163   
7               160237791010              14976567763   
8               227330415313              15324955350   
9               215608307121              15673342937   
10              164672781723              16023751774   

    TÀI SẢN NGẮN HẠN (Tỷ đồng)  Tiền và tương đương tiền (Tỷ đồng)  \
0                1480367394870                        162307331577   
1                1499102461787                        192342015850   
2                1486204543938                         55640847460   
3                1304532876887                         23989910060   
4                1341859920851                         13405541314   
5                1013168552111                         20624757586   
6                1377183218343                         15626474222   
7                1095412370371                         11152904699   
8                 578110407606                         25502815111   
9                 914011754335                          8534710175   
10                585196015446                         19607619867   

    Giá trị thuần đầu tư ngắn hạn (Tỷ đồng)  \
0                                         0   
1                                         0   
2                                         0   
3                                         0   
4                                         0   
5                                         0   
6                                         0   
7                                         0   
8                                         0   
9                                         0   
10                                 25500000   

    Các khoản phải thu ngắn hạn (Tỷ đồng)  \
0                            878877761029   
1                            873492573107   
2                            801230309537   
3                            808493357229   
4                            904647966585   
5                            606499707756   
6                            705418640962   
7                            672232407293   
8                            339679997858   
9                            515800417871   
10                           345832935463   

    Trả trước cho người bán ngắn hạn (Tỷ đồng)  Hàng tồn kho, ròng (Tỷ đồng)  \
0                                  36836298173                  427480584416   
1                                  23613310244                  433166301386   
2                                  18882275107                  621519020895   
3                                  11645725635                  463649575458   
4                                  15871718525                  417818585160   
5                                  41885137280                  378328855208   
6                                  25717074217                  633725801923   
7                                 123465428449                  403748137238   
8                                  10074423298                  200543434511   
9                                  14469355420                  345135826598   
10                                 21752390518                  181144918717   

    Tài sản lưu động khác (Tỷ đồng)  TÀI SẢN DÀI HẠN (Tỷ đồng)  \
0                                 0               966925549994   
1                                 0               665802033418   
2                                 0               594099046674   
3                                 0               400566232271   
4                                 0               417037553238   
5                                 0               406890995567   
6                                 0               351805481396   
7                                 0               424915514203   
8                                 0               509175931761   
9                                 0               511470332984   
10                      24882234691               490759977270   

    TỔNG CỘNG NGUỒN VỐN (Tỷ đồng)  Lãi chưa phân phối (Tỷ đồng)  \
0                   2447292944864                  267599742737   
1                   2164904495205                  311196739174   
2                   2080303590612                  285464402959   
3                   1705099109158                  214512450354   
4                   1758897474089                  156604807764   
5                   1420059547678                  139441378920   
6                   1728988699739                  104875207236   
7                   1520327884574                  105826900530   
8                   1087286339367                   77123310753   
9                   1425482087319                   48844842617   
10                  1075955992716                   39323933382   

    Quỹ đầu tư và phát triển (Tỷ đồng)  Cổ phiếu phổ thông (Tỷ đồng)  \
0                          51515183112                  532696700000   
1                          49567993047                  484279210000   
2                          46231130144                  421115890000   
3                          43728699692                  421115890000   
4                          39014416963                  421115890000   
5                          35789986640                  375997100000   
6                          33581863310                  375997100000   
7                          30404972177                  375997100000   
8                          23960752124                  375997100000   
9                          20882164713                  375997100000   
10                         13053610919                  375997100000   

    Vốn góp của chủ sở hữu (Tỷ đồng)  Vốn và các quỹ (Tỷ đồng)  \
0                       532696700000              981355312001   
1                       484279210000              926597827610   
2                       421115890000              833148136950   
3                       421115890000              757163153493   
4                       421115890000              693113298925   
5                       375997100000              626794746104   
6                       375997100000              589114149299   
7                       375997100000              583699121519   
8                       375997100000              529335723942   
9                       375997100000              498196262254   
10                      375997100000              486596972967   

    VỐN CHỦ SỞ HỮU (Tỷ đồng)  Vay và nợ thuê tài chính dài hạn (Tỷ đồng)  \
0               981355312001                                203800000000   
1               926597827610                                           0   
2               833148136950                                  7300000000   
3               757163153493                                 15300000000   
4               693113298925                                 24095238095   
5               626794746104                                           0   
6               589114149299                                  3977792000   
7               583699121519                                  9379903850   
8               529335723942                                 17379903850   
9               498196262254                                 17177792000   
10              486596972967                                 18791008000   

    Nợ dài hạn (Tỷ đồng)  Người mua trả tiền trước ngắn hạn (Tỷ đồng)  \
0           207245378786                                  10545468002   
1             2461558786                                    418361325   
2           125971488786                                   1069280446   
3            18521901250                                    649768506   
4            26883470345                                    347051897   
5             2491312250                                   2062760125   
6             6309804250                                    454639156   
7            29993814550                                    498882985   
8            37592958550                                   2721519663   
9            37449179700                                   1045536295   
10           39869373245                                    937523595   

    Vay và nợ thuê tài chính ngắn hạn (Tỷ đồng)  Nợ ngắn hạn (Tỷ đồng)  \
0                                  668923812667          1258692254077   
1                                  644785974963          1235845108809   
2                                  510719627683          1121183964876   
3                                  384220811140           929414054415   
4                                  630376601995          1038900704819   
5                                  461959949055           790773489324   
6                                  787097657786          1133564746190   
7                                  523785935258           906634948505   
8                                  358565831358           520357656875   
9                                  647122342312           889836645365   
10                                 467072837949           548839540235   

    NỢ PHẢI TRẢ (Tỷ đồng)  TỔNG CỘNG TÀI SẢN (Tỷ đồng)  \
0           1465937632863                2447292944864   
1           1238306667595                2164904495205   
2           1247155453662                2080303590612   
3            947935955665                1705099109158   
4           1065784175164                1758897474089   
5            793264801574                1420059547678   
6           1139874550440                1728988699739   
7            936628763055                1520327884574   
8            557950615425                1087286339367   
9            927285825065                1425482087319   
10           588708913480                1075955992716   

    Trả trước dài hạn (Tỷ đồng)  Tài sản dài hạn khác (Tỷ đồng)  \
0                   19351583869                               0   
1                   16990685224                               0   
2                   15865081777                               0   
3                   27199169379                               0   
4                   38793218500                               0   
5                   29810652644                               0   
6                   25010245361                               0   
7                   11374993985                               0   
8                   16476841839                               0   
9                   10246863799                               0   
10                  12270678074                    160000000000   

    Đầu tư dài hạn (Tỷ đồng)  Tài sản cố định (Tỷ đồng)  \
0               113638549053               125998020392   
1               172803973069               140513666137   
2               139431363873               147143747737   
3               119238508277               160005857370   
4               110583525837               174155659122   
5                99892192159               111604073241   
6                99060043297               130246465324   
7               100861312722               175214358773   
8                93228709584               242655370663   
9                82071229120               231281650058   
10              238175490002               240313809194   

    Phải thu dài hạn khác (Tỷ đồng)  Phải thu về cho vay dài hạn (Tỷ đồng)  \
0                         187300000                                      0   
1                         187300000                                      0   
2                         187300000                                      0   
3                       47501823638                                      0   
4                       49564402292                                      0   
5                       42733233637                                      0   
6                                 0                            70000000000   
7                                 0                           104000000000   
8                                 0                           130000000000   
9                      160000000000                                      0   
10                                0                                      0   

    Phải thu dài hạn (Tỷ đồng)  
0                    187300000  
1                    187300000  
2                    187300000  
3                  47501823638  
4                  49564402292  
5                 110340864277  
6                  70000000000  
7                 104000000000  
8                 130000000000  
9                 160000000000  
10                           0  
