     CP   Năm  Hàng tồn kho ròng  Tài sản lưu động khác  Tài sản dài hạn khác  \
0   VTC  2023        72444623590              915288054            4616758561   
1   VTC  2022        68466455291             1371966294            4815042899   
2   VTC  2021        61047510034              973887866            3670258786   
3   VTC  2020        49701069720              132882837            4073240089   
4   VTC  2019        52075090697              617319266            6122503609   
5   VTC  2018        57849143958              719099927            6153922083   
6   VTC  2017        45731079778             2426453160            4532105866   
7   VTC  2016        42683815924              729145428            4950887835   
8   VTC  2015        16182333233              870364042            4939236141   
9   VTC  2014        11186558677              460788138            4438781440   
10  VTC  2013        12817324033             7573348407            4743153747   

    Các quỹ khác  Các quỹ khác  Các quỹ khác  Các quỹ khác  \
0              0             0             0             0   
1              0             0             0             0   
2              0             0             0             0   
3              0             0             0             0   
4      301175122             0     301175122             0   
5      358386611             0     358386611             0   
6      358386611             0     358386611             0   
7      178386611    5338982557     178386611    5338982557   
8      905092380    5338982557     905092380    5338982557   
9     1373369866    5338982557    1373369866    5338982557   
10    1253369866    2953906240    1253369866    2953906240   

    LỢI ÍCH CỦA CỔ ĐÔNG THIỂU SỐ  Chứng khoán đầu tư giữ đến ngày đáo hạn  \
0                    12200518781                                309650000   
1                    15360000000                               3809650000   
2                    14653496481                              11000000000   
3                    17728977296                              17500000000   
4                    18913995979                              17500000000   
5                    20062755470                              17500000000   
6                    20211183305                              21060000000   
7                    20449818301                                        0   
8                    19085584338                                        0   
9                    18094568956                                        0   
10                             0                                        0   

    Đầu tư vào công ty liên doanh  Tài sản cố định hữu hình  \
0                               0               15199402448   
1                               0               21137285289   
2                               0               26444831957   
3                               0               32338357371   
4                               0               23093211365   
5                               0               22019715956   
6                               0               23475429610   
7                               0               24713356968   
8                      6617055055               27456245927   
9                      6070579895               26721838126   
10                     5456152483               26197825197   

    Tài sản cố định thuê tài chính  Tài sản cố định vô hình  \
0                       2484844604                 50713679   
1                                0                 80810335   
2                                0                114090859   
3                                0                171349738   
4                                0                 86106513   
5                                0                127890921   
6                                0                169675329   
7                                0                211459737   
8                                0                100968742   
9                                0                 48124996   
10                               0                 55000000   

    TÀI SẢN NGẮN HẠN (Tỷ đồng)  Tiền và tương đương tiền (Tỷ đồng)  \
0                 247739217142                         15505272432   
1                 234412791515                         17425239914   
2                 223349732418                         31691385199   
3                 344149943998                         17575499801   
4                 504536395032                         47159430692   
5                 443800156194                         49787711045   
6                 402989956768                         32577119980   
7                 163506344801                         23564734015   
8                  88385554825                          9578298736   
9                  98257336081                          5037059226   
10                 49207376672                         10539856463   

    Giá trị thuần đầu tư ngắn hạn (Tỷ đồng)  \
0                                 309650000   
1                                3809650000   
2                               11000000000   
3                               17500000000   
4                               17500000000   
5                               17500000000   
6                               21060000000   
7                                3127000000   
8                                 210000000   
9                                6152528000   
10                                 60000000   

    Các khoản phải thu ngắn hạn (Tỷ đồng)  \
0                            158564383066   
1                            143339480016   
2                            118636949319   
3                            259240491640   
4                            387184554377   
5                            317944201264   
6                            301195303850   
7                             93401649434   
8                             61544558814   
9                             75420402040   
10                            18216847769   

    Trả trước cho người bán ngắn hạn (Tỷ đồng)  \
0                                   8440699404   
1                                   5591214314   
2                                   4978060536   
3                                   1397478167   
4                                  25142361147   
5                                  27617942061   
6                                  13079057511   
7                                   4049595310   
8                                   3174387165   
9                                    385081500   
10                                   952550571   

    Phải thu về cho vay ngắn hạn (Tỷ đồng)  Hàng tồn kho, ròng (Tỷ đồng)  \
0                                        0                   72444623590   
1                                        0                   68466455291   
2                                        0                   61126580915   
3                                        0                   49780140601   
4                                        0                   53047549500   
5                                        0                   57849143958   
6                                        0                   47925205038   
7                               3280600000                   42683815924   
8                                280600000                   16182333233   
9                                        0                   11415053228   
10                                       0                   12817324033   

    Tài sản lưu động khác (Tỷ đồng)  TÀI SẢN DÀI HẠN (Tỷ đồng)  \
0                                 0                23287301423   
1                                 0                26707629792   
2                                 0                30987959422   
3                                 0                37596542946   
4                                 0                31524184467   
5                                 0                30000221189   
6                                 0                29638675415   
7                                 0                35212285350   
8                                 0                40190213865   
9                                 0                38371545428   
10                       6494353665                37152131427   

    TỔNG CỘNG NGUỒN VỐN (Tỷ đồng)  Lãi chưa phân phối (Tỷ đồng)  \
0                    271026518565                   12185790556   
1                    261120421307                   12643979424   
2                    254337691840                   14970291123   
3                    381746486944                   23821796661   
4                    536060579499                   22655800320   
5                    473800377383                   20376736013   
6                    432628632183                   17309627623   
7                    198718630151                    7386291682   
8                    128575768690                     915814070   
9                    136628881509                   -6279855042   
10                    86359508099                   -8395869149   

    Quỹ đầu tư và phát triển (Tỷ đồng)  Cổ phiếu phổ thông (Tỷ đồng)  \
0                          11226292206                   45346960000   
1                          10469316797                   45346960000   
2                          13008563600                   45346960000   
3                          10999618631                   45346960000   
4                           8720968609                   45346960000   
5                           7072446817                   45346960000   
6                           6802047190                   45346960000   
7                           7483290678                   45346960000   
8                           7066251683                   45346960000   
9                           6752409955                   45346960000   
10                          4667758776                   45346960000   

    Vốn góp của chủ sở hữu (Tỷ đồng)  Vốn và các quỹ (Tỷ đồng)  \
0                        45346960000               81104295543   
1                        45346960000               83964990221   
2                        45346960000               88124045204   
3                        45346960000               98042086588   
4                        45346960000               96083634030   
5                        45346960000               93362018911   
6                        45346960000               90172938729   
7                        45346960000               86328463829   
8                        45346960000               78803419028   
9                        45346960000               70771170292   
10                       45346960000               48390303357   

    VỐN CHỦ SỞ HỮU (Tỷ đồng)  Vay và nợ thuê tài chính dài hạn (Tỷ đồng)  \
0                81104295543                                  2303219601   
1                83964990221                                           0   
2                88124045204                                           0   
3                98042086588                                           0   
4                96083634030                                           0   
5                93362018911                                           0   
6                90172938729                                           0   
7                86328463829                                  1133228000   
8                78803419028                                  1888700000   
9                70771170292                                           0   
10               48390303357                                           0   

    Nợ dài hạn (Tỷ đồng)  Người mua trả tiền trước ngắn hạn (Tỷ đồng)  \
0             3068623124                                    781395157   
1                      0                                   1408938400   
2                      0                                  19010253980   
3                      0                                   1482023000   
4                      0                                   7737817800   
5                      0                                   5350523109   
6                      0                                  10458726164   
7             1133228000                                    356400000   
8             2018700000                                     84282000   
9                      0                                            0   
10             502720000                                     10000000   

    Vay và nợ thuê tài chính ngắn hạn (Tỷ đồng)  Nợ ngắn hạn (Tỷ đồng)  \
0                                  108250731523           186853599898   
1                                   91703083026           177155431086   
2                                   74637836538           166213646636   
3                                  104430636194           283704400356   
4                                  148294895225           439976945469   
5                                  178992364787           380438358472   
6                                  127011440090           342455693454   
7                                   38663841535           111256938322   
8                                    9288669223            47753649662   
9                                   13550163935            65857711217   
10                                   1612407241            20299216328   

    NỢ PHẢI TRẢ (Tỷ đồng)  TỔNG CỘNG TÀI SẢN (Tỷ đồng)  \
0            189922223022                 271026518565   
1            177155431086                 261120421307   
2            166213646636                 254337691840   
3            283704400356                 381746486944   
4            439976945469                 536060579499   
5            380438358472                 473800377383   
6            342455693454                 432628632183   
7            112390166322                 198718630151   
8             49772349662                 128575768690   
9             65857711217                 136628881509   
10            20801936328                  86359508099   

    Trả trước dài hạn (Tỷ đồng)  Đầu tư dài hạn (Tỷ đồng)  \
0                    4336903317                         0   
1                    4815042899                         0   
2                    3670258786                         0   
3                    4073240089                         0   
4                    6122503609                 350000000   
5                    6153922083                         0   
6                    4532105866                         0   
7                    4817869276                3580000000   
8                    4800373542                6617055055   
9                    3721648292                6070579895   
10                   4145550275                5456152483   

    Tài sản cố định (Tỷ đồng)  Phải thu dài hạn khác (Tỷ đồng)  \
0                 17734960731                        935582131   
1                 21218095624                        674491269   
2                 26558922816                        758777820   
3                 32509707109                       1013595748   
4                 23179317878                       1172362980   
5                 22147606877                        998692229   
6                 23645104939                        761464610   
7                 24924816705                       1056580810   
8                 27557214669                        376708000   
9                 26769963122                        392220971   
10                26952825197                                0   

    Phải thu dài hạn (Tỷ đồng)  
0                    935582131  
1                    674491269  
2                    758777820  
3                   1013595748  
4                   1172362980  
5                    998692229  
6                    761464610  
7                   1056580810  
8                    376708000  
9                    392220971  
10                           0  
     CP   Năm  Cổ đông thiểu số  Cổ đông thiểu số  Cổ đông thiểu số  \
0   VTC  2023                 0        -599481219                 0   
1   VTC  2022                 0         768054839                 0   
2   VTC  2021                 0         138354650                 0   
3   VTC  2020                 0        1349979240                 0   
4   VTC  2019                 0        1568045012                 0   
5   VTC  2018                 0        2679524627                 0   
6   VTC  2017                 0        4179294449                 0   
7   VTC  2016                 0        2780259959                 0   
8   VTC  2015                 0        1950249270                 0   
9   VTC  2014                 0        2152317079                 0   
10  VTC  2013       17167268414        1891532681       17167268414   

    Cổ đông thiểu số  Lãi/Lỗ ròng trước thuế  Tăng trưởng doanh thu (%)  \
0         -599481219              2692185991                  -0.314600   
1          768054839              2641962237                   0.855093   
2          138354650              1046334467                  -0.671497   
3         1349979240             13647733808                  -0.343883   
4         1568045012             14780592308                   0.331863   
5         2679524627             16018582387                   0.147014   
6         4179294449             16222586821                   0.440530   
7         2780259959             12218521592                   1.732481   
8         1950249270             11218554764                  -0.002527   
9         2152317079              8315757131                   0.224607   
10        1891532681              3434667452                   0.000000   

    Doanh thu (Tỷ đồng)  Lợi nhuận sau thuế của Cổ đông công ty mẹ (Tỷ đồng)  \
0          179085127810                                          909186641     
1          261285688682                                          521284139     
2          140847773887                                          372112070     
3          428755927088                                        10044724851     
4          653474438435                                         9887374501     
5          490646880110                                         8242608958     
6          427760164374                                         8972937942     
7          296946414840                                         7618555601     
8          108672833225                                         7682592641     
9          108948094325                                         4551122468     
10          88965775085                                           16781467     

    Tăng trưởng lợi nhuận (%)  Thu nhập tài chính  Thu nhập tài chính  \
0                    0.744129           546464408           546464408   
1                    0.400879           528021336           528021336   
2                   -0.962954          2066090408          2066090408   
3                    0.015914          2275965138          2275965138   
4                    0.199544          3160371472          3160371472   
5                   -0.081392          1589162569          1589162569   
6                    0.177774          1754190544          1754190544   
7                   -0.008335          1428655696          1428655696   
8                    0.688065          1638378229          1638378229   
9                  270.199322           213626361           213626361   
10                   0.000000           198756831           198756831   

    Chi phí tiền lãi vay  Chi phí tiền lãi vay  Doanh thu thuần  \
0           -10176831115          -10176831115     179085077810   
1            -8107631519           -8107631519     261285688682   
2            -5713311800           -5713311800     140837773887   
3            -9765991129           -9765991129     428755927088   
4           -10968226224          -10968226224     653474438435   
5           -13450202107          -13450202107     490646880110   
6            -5645272477           -5645272477     427760164374   
7            -5640070056           -5640070056     296946414840   
8            -1150675348           -1150675348     108672833225   
9             -636229374            -636229374     108630992451   
10            -339872834            -339872834      88965775085   

    Doanh thu thuần      Lãi gộp      Lãi gộp  Chi phí tài chính  \
0      179085077810  39102216536  39102216536       -11268331918   
1      261285688682  42090011056  42090011056        -9660233182   
2      140837773887  26442788311  26442788311        -5859227216   
3      428755927088  58399885050  58399885050       -10147656038   
4      653474438435  62049038135  62049038135       -11672795131   
5      490646880110  62262881326  62262881326       -14303627117   
6      427760164374  49052431296  49052431296        -7812782871   
7      296946414840  39074953980  39074953980        -8563403491   
8      108672833225  32572233528  32572233528        -1313312038   
9      108630992451  26303251039  26303251039         -689956043   
10      88965775085  19669243828  19669243828         -403993672   

    Chi phí tài chính  Chi phí quản lý DN  Chi phí quản lý DN  \
0        -11268331918        -14052629490        -14052629490   
1         -9660233182        -16168679818        -16168679818   
2         -5859227216        -11690951405        -11690951405   
3        -10147656038        -16041759002        -16041759002   
4        -11672795131        -17538134505        -17538134505   
5        -14303627117        -16615836849        -16615836849   
6         -7812782871        -13520963561        -13520963561   
7         -8563403491        -11368406645        -11368406645   
8         -1313312038         -9801015708         -9801015708   
9          -689956043         -9211919528         -9211919528   
10         -403993672         -8275613218         -8275613218   

    Lãi/Lỗ từ hoạt động kinh doanh  Lãi/Lỗ từ hoạt động kinh doanh  \
0                       1912827565                      1912827565   
1                       2518148499                      2518148499   
2                      -1936055132                     -1936055132   
3                      12124977419                     12124977419   
4                      14443443688                     14443443688   
5                      15522423157                     15522423157   
6                      17147796656                     17147796656   
7                       9275276364                      9275276364   
8                      11434800685                     11434800685   
9                       6393872013                      6393872013   
10                      2849959719                      2849959719   

    Lãi lỗ trong công ty liên doanh, liên kết  Thu nhập/Chi phí khác  \
0                                           0            -7362167910   
1                                           0             -426734753   
2                                           0              -41762673   
3                                           0            -3620110491   
4                                           0            -5786343288   
5                                           0             -141009046   
6                                           0             -926912986   
7                                           0             -135778163   
8                                           0             -237479616   
9                                   613340405            -1047605255   
10                                  360782183             -876741067   

    Giá vốn hàng bán  Chi phí bán hàng  Chi phí bán hàng  \
0      -139982861274      -12414891971      -12414891971   
1      -219195677626      -14270970893      -14270970893   
2      -114394985576      -12894755230      -12894755230   
3      -370356042038      -22361457729      -22361457729   
4      -591425400300      -21555036283      -21555036283   
5      -428383998784      -17410156772      -17410156772   
6      -378707733078      -12325078752      -12325078752   
7      -257871460860      -11626798733      -11626798733   
8       -76100599697      -12207958486      -12207958486   
9       -82327741412      -10221129816      -10221129816   
10      -69296531257       -8338434050       -8338434050   

    Doanh thu bán hàng và cung cấp dịch vụ  Các khoản giảm trừ doanh thu  \
0                             179085127810                        -50000   
1                             261285688682                             0   
2                             140847773887                     -10000000   
3                             428755927088                             0   
4                             653474438435                             0   
5                             490646880110                             0   
6                             427760164374                             0   
7                             296946414840                             0   
8                             108672833225                             0   
9                             108948094325                    -317101874   
10                             88965775085                             0   

    Lãi/lỗ từ công ty liên doanh  Thu nhập khác  Lợi nhuận khác  \
0                              0     8141526336       779358426   
1                              0      550548491       123813738   
2                              0     3024152272      2982389599   
3                              0     5142866880      1522756389   
4                              0     6123491908       337148620   
5                              0      637168276       496159230   
6                              0        1703151      -925209835   
7                      330275557     3079023391      2943245228   
8                      546475160       21233695      -216245921   
9                              0     2356149968      1308544713   
10                             0     1100666617       223925550   

    LN trước thuế   Thuế TNDN  Chi phí thuế TNDN hiện hành  \
0      2692185991 -2382480569                  -2482491447   
1      2641962237 -1352623259                  -1352623259   
2      1046334467  -535867747                   -535867747   
3     13647733808 -2253029717                  -2253029717   
4     14780592308 -3325172795                  -3325172795   
5     16018582387 -5096448802                  -5096448802   
6     16222586821 -3070354430                  -2927558783   
7     12218521592 -1819706032                  -1813861992   
8     11218554764 -1585712853                  -1571597830   
9      8315757131 -1612317584                  -1575329411   
10     3434667452 -1526353304                  -1472927598   

    Chi phí thuế TNDN hoãn lại  Lợi nhuận thuần  Cổ đông của Công ty mẹ  \
0                    100010878        309705422               909186641   
1                            0       1289338978               521284139   
2                            0        510466720               372112070   
3                            0      11394704091             10044724851   
4                            0      11455419513              9887374501   
5                            0      10922133585              8242608958   
6                   -142795647      13152232391              8972937942   
7                     -5844040      10398815560              7618555601   
8                    -14115023       9632841911              7682592641   
9                    -36988173       6703439547              4551122468   
10                   -53425706       1908314148                16781467   

    Lãi cơ bản trên cổ phiếu  
0                        201  
1                         98  
2                        -31  
3                       1785  
4                       1776  
5                       1640  
6                       1746  
7                       1590  
8                       1627  
9                       1005  
10                       371  
     CP   Năm  Tiền và tương đương tiền  \
0   VTC  2023               17425239914   
1   VTC  2022               31691385199   
2   VTC  2021               17575499801   
3   VTC  2020               47159430692   
4   VTC  2019               49787711045   
5   VTC  2018               32577119980   
6   VTC  2017               23564734015   
7   VTC  2016                9578298736   
8   VTC  2015                5037059226   
9   VTC  2014               10539856463   
10  VTC  2013                2198674986   

    Lãi/Lỗ chênh lệch tỷ giá chưa thực hiện  Lãi/Lỗ từ hoạt động đầu tư  \
0                                1090254031                 -4516138042   
1                                 495005350                  -689310289   
2                                -489708399                  -719223455   
3                                -547029684                 -1276418304   
4                                -707111266                           0   
5                                  -5736296                 -2538177103   
6                                   -484556                 -1514952497   
7                                  24645127                 -1854244507   
8                                  -1807302                 -2170673499   
9                                 -46266848                 -2425487527   
10                                   113945                  -889485800   

    Thu nhập lãi  Tăng/Giảm các khoản phải thu  Tăng/Giảm các khoản phải thu  \
0    10176831115                  -12202001234                  -12202001234   
1     8107631519                  -24490274702                  -24490274702   
2     5713311800                  139960715322                  139960715322   
3     9765991129                  127946450221                  127946450221   
4    -2870019554                  -68737375101                  -68737375101   
5    13450202107                  -19105883759                  -19105883759   
6     5645272477                 -211678008884                 -211678008884   
7     5640070056                  -33837541190                  -33837541190   
8     1150675348                   14350953110                   14350953110   
9      636229374                  -49405626666                  -49405626666   
10     339872834                    6787190525                    6787190525   

    Tăng/Giảm hàng tồn kho  Tăng/Giảm các khoản phải trả  \
0              -3978168299                   -9911696206   
1              -7339874376                   -6631001256   
2             -11346440314                  -86816504254   
3               3267408899                 -112634819358   
4               4801594458                   85705746639   
5              -9923938920                  -17332922034   
6              -5241389114                  140363631561   
7             -26501482691                   32284805393   
8              -3847913447                  -13375715253   
9                909728588                   31050595271   
10               482847048                     334868612   

    Tăng/Giảm các khoản phải trả  Tăng/Giảm chi phí trả trước  \
0                    -9911696206                    313060493   
1                    -6631001256                  -1318767687   
2                   -86816504254                    452026681   
3                  -112634819358                   2511183806   
4                    85705746639                    145248413   
5                   -17332922034                  -1300304838   
6                   140363631561                   -394848268   
7                    32284805393                    215122710   
8                   -13375715253                  -1201335592   
9                    31050595271                    433367563   
10                     334868612                    197560090   

    Chi phí lãi vay đã trả  Tiền thu nhập doanh nghiệp đã trả  \
0             -10468687147                         -676528204   
1              -8049911088                         -388650678   
2              -5725027943                        -2595829418   
3              -9719795823                        -3541519780   
4             -10754320459                        -1514858531   
5             -11673512498                        -4363699824   
6              -5656647222                        -2581854709   
7              -5846358653                        -1733171470   
8               -740337986                        -2441635386   
9               -635589374                         -604957162   
10              -339872834                        -1906735883   

    Tiền thu khác từ các hoạt động kinh doanh  \
0                                           0   
1                                           0   
2                                           0   
3                                           0   
4                                           0   
5                                           0   
6                                   344816566   
7                                   617055055   
8                                  1046139096   
9                                   846458789   
10                                 1206110261   

    Tiền chi khác từ các hoạt động kinh doanh  \
0                                  -344897711   
1                                  -998225400   
2                                 -1067053400   
3                                 -1048126500   
4                                  -888930000   
5                                  -612680000   
6                                  -395185000   
7                                 -1040705769   
8                                 -2095691582   
9                                   122380348   
10                                -1745026963   

    Lưu chuyển tiền tệ ròng từ các hoạt động SXKD  \
0                                    -23215467355   
1                                    -33047887987   
2                                     44779430835   
3                                     31145101250   
4                                     34585669769   
5                                    -37053795522   
6                                    -60180073627   
7                                    -16805098322   
8                                      4554393974   
9                                     -7342333635   
10                                    10168364166   

    Tiền thu được từ thanh lý tài sản cố định  \
0                                  4332074475   
1                                           0   
2                                           0   
3                                   159090908   
4                                   844786909   
5                                   272727273   
6                                           0   
7                                   574745454   
8                                    20309091   
9                                  2327834545   
10                                  348900000   

    Tiền thu từ việc bán các khoản đầu tư vào doanh nghiệp khác  \
0                                                   0             
1                                                   0             
2                                                   0             
3                                                   0             
4                                                   0             
5                                                   0             
6                                                   0             
7                                          6000000000             
8                                           373634849             
9                                                   0             
10                                                  0             

    Tiền thu được các khoản đi vay  Tiền trả các khoản đi vay  \
0                     136338894085              -116932076432   
1                     162287892346              -145222645858   
2                     119014966049              -148807765705   
3                     284438256791              -328302515822   
4                     399586634106              -430284103668   
5                     407816944079              -355836019382   
6                     195142860996              -107928490441   
7                     187821345985              -159201645673   
8                      17113802407               -19205997119   
9                      16383012753                -3165256059   
10                     19581852790               -20315199739   

    Tiền thanh toán vốn gốc đi thuê tài chính  Cổ tức đã trả  \
0                                  -555949555    -5271578200   
1                                           0    -5423156400   
2                                           0    -8171226700   
3                                           0    -6919297000   
4                                           0    -6175433600   
5                                           0    -2560000000   
6                                           0    -7615827440   
7                                           0              0   
8                                           0    -1000000000   
9                                  -580000000    -2500000000   
10                                          0              0   

    Lưu chuyển tiền thuần trong kỳ  Ảnh hưởng của chênh lệch tỷ giá  \
0                      -1921020802                          1053320   
1                     -14267215567                          1070282   
2                      13626176999                        489708399   
3                     -30130960575                        547029684   
4                      -3335391619                        707111266   
5                      17204854769                          5736296   
6                       9011901409                           484556   
7                      14011080406                        -24645127   
8                       4539432208                          1807302   
9                      -5549064085                         46266848   
10                      8341295422                          -113945   

    Tiền và tương đương tiền cuối kỳ  Khấu hao TSCĐ  Dự phòng RR tín dụng  \
0                        15505272432     4610317858                     0   
1                        17425239914     5782504464            -168976081   
2                        31691385199     6366829748                     0   
3                        17575499801     3667430758            -893387922   
4                        47159430692     2594512635            1062364003   
5                        49787711045     2528400516           -2194125260   
6                        32577119980     2572375675            2134613523   
7                        23564734015     2873164055             135021970   
8                         9578298736     2690144989             -26963286   
9                         5037059226     2846968341             614108537   
10                       10539856463     2249062859              17192020   

    Lưu chuyển tiền thuần từ HĐKD trước thay đổi VLĐ  Mua sắm TSCĐ  \
0                                        14053450953    -690874018   
1                                        16168817200    -441677272   
2                                        11917544161    -416045455   
3                                        24364319785  -12297819989   
4                                        25828564350   -3626223636   
5                                        27259146351   -1030902454   
6                                        25059411443   -1292663910   
7                                        19037178293    -240766091   
8                                        12859931014   -3364747636   
9                                         9941309008   -4042396481   
10                                        5151423310   -1677425412   

    Tiền thu cổ tức và lợi nhuận được chia  Lưu chuyển từ hoạt động đầu tư  \
0                                573956198                      7715156655   
1                                389909604                      7138582332   
2                                726817975                      6810772520   
3                               1296223287                    -10492505794   
4                               2083278501                     -1048158226   
5                               2035900775                      4837725594   
6                               1958495831                    -10406568079   
7                               1279499053                      2196478416   
8                                386108642                      3077232946   
9                                162602792                     -8344487144   
10                               179803617                     -1093721795   

    Lưu chuyển tiền từ hoạt động tài chính  \
0                              13579289898   
1                              11642090088   
2                             -37964026356   
3                             -50783556031   
4                             -36872903162   
5                              49420924697   
6                              79598543115   
7                              28619700312   
8                              -3092194712   
9                              10137756694   
10                              -733346949   

    Tiền thu hồi cho vay, bán lại các công cụ nợ của đơn vị khác (Tỷ đồng)  \
0                                          4500000000                        
1                                         15000000000                        
2                                         24500000000                        
3                                         34350000000                        
4                                         41500000000                        
5                                         21060000000                        
6                                          7887600000                        
7                                                   0                        
8                                          6152528000                        
9                                         -6092528000                        
10                                           55000000                        

    Tiền chi cho vay, mua công cụ nợ của đơn vị khác (Tỷ đồng)  
0                                         -1000000000           
1                                         -7809650000           
2                                        -18000000000           
3                                        -34000000000           
4                                        -41850000000           
5                                        -17500000000           
6                                        -18960000000           
7                                         -5417000000           
8                                          -490600000           
9                                          -700000000           
10                                                  0           
   Meta          Chỉ tiêu định giá                    \
     CP   Năm Kỳ               P/B Vốn hóa (Tỷ đồng)   
0   VTC  2023  5          0.533077       36731037600   
1   VTC  2022  5          0.627937       43079612000   
2   VTC  2021  5          0.740655       54416352000   
3   VTC  2020  5          0.846941       68020440000   
4   VTC  2019  5          0.922574       71194727200   
5   VTC  2018  5          0.971288       71194727200   
6   VTC  2017  5          1.017624       71194727200   
7   VTC  2016  5          1.080695       71194727200   
8   VTC  2015  5          1.192185       71194727200   
9   VTC  2014  5          1.351544       71194727200   
10  VTC  2013  5          1.471260       71194727200   

                                                                              \
   Số CP lưu hành (Triệu CP)          P/E       P/S P/Cash Flow    EPS (VND)   
0                    4534696    40.399887  0.205104   -1.582180   200.495610   
1                    4534696    82.641325  0.164876   -1.303551   114.954594   
2                    4534696   154.873994  0.386376    1.215209    82.058879   
3                    4534696     6.771757  0.158646    2.183985  2215.082301   
4                    4534696     8.471258  0.108948    2.058504  2180.383095   
5                    4534696     8.637402  0.145104   -1.921388  1817.676192   
6                    4534696     8.972256  0.166436   -1.183028  1978.729763   
7                    4534696    10.383235  0.239756   -4.236496  1680.058730   
8                    4534696     9.267018  0.655129   15.632097  1694.180302   
9                    4534696    15.643334  0.655381   -9.696471  1003.622397   
10                   4534696  4242.461473  0.800248    7.001591     3.700682   

                            Chỉ tiêu khả năng sinh lợi  \
      BVPS (VND)  EV/EBITDA     Biên lợi nhuận gộp (%)   
0   15194.795144   7.641613                   0.218344   
1   15128.906154   6.731966                   0.161088   
2   16201.868598  11.838990                   0.187754   
3   17710.803391   6.544748                   0.136208   
4   17017.598986   6.744721                   0.094953   
5   16164.096434   6.513815                   0.126900   
6   15428.102661   6.425019                   0.114673   
7   14527.687309   4.612856                   0.131589   
8   13169.093295   5.492460                   0.299727   
9   11616.346793   8.202782                   0.242134   
10  10671.124009  14.975615                   0.221088   

                                                                        \
   Biên lợi nhuận ròng (%)   ROE (%)  ROIC (%)   ROA (%) Biên EBIT (%)   
0                 0.005077  0.013224  0.065923  0.003417      0.070551   
1                 0.001995  0.007338  0.066320  0.002023      0.044589   
2                 0.002642  0.003998  0.011410  0.001170      0.013186   
3                 0.023428  0.103487  0.098762  0.021889      0.046639   
4                 0.015130  0.104382  0.093936  0.019582      0.035129   
5                 0.016799  0.089821  0.103677  0.018187      0.057550   
6                 0.020977  0.101676  0.106851  0.028425      0.054251   
7                 0.025656  0.092272  0.127490  0.046555      0.054150   
8                 0.070695  0.102726  0.117395  0.057937      0.097202   
9                 0.041895  0.076386  0.081476  0.040819      0.063243   
10                0.000189  0.000349  0.061101  0.000196      0.034341   

                                                       \
   EBITDA (Tỷ đồng) EBIT (Tỷ đồng) Tỷ suất cổ tức (%)   
0       17245012933    12634695075           0.000000   
1       17432864809    11650360345           0.000000   
2        8223911424     1857081676           0.000000   
3       23664099077    19996668319           0.000000   
4       25550379982    22955867347           0.070064   
5       30765288221    28236887705           0.063694   
6       25778764658    23206388983           0.050955   
7       18952912657    16079748602           0.012739   
8       13253404323    10563259334           0.000000   
9        9717170036     6870201695           0.000000   
10       5304259419     3055196560           0.000000   

          Chỉ tiêu thanh khoản                             \
   Chỉ số thanh toán hiện thời Chỉ số thanh toán tiền mặt   
0                     1.325847                   0.082981   
1                     1.323204                   0.098361   
2                     1.343751                   0.190667   
3                     1.213058                   0.061950   
4                     1.146734                   0.107186   
5                     1.166549                   0.130869   
6                     1.176765                   0.095128   
7                     1.469628                   0.239911   
8                     1.850865                   0.204975   
9                     1.491964                   0.169905   
10                    2.424102                   0.522181   

                                                                       \
   Chỉ số thanh toán nhanh Khả năng chi trả lãi vay Đòn bẩy tài chính   
0                 0.931583                -1.241516          3.341704   
1                 0.907478                -1.436962          3.109873   
2                 0.904428                -0.325045          2.886133   
3                 0.975720                -2.047582          3.893700   
4                 0.987197                -2.092943          5.579104   
5                 0.966601                -2.099365          5.074873   
6                 0.974644                -4.110765          4.797766   
7                 1.079424                -2.850984          2.301890   
8                 1.493768                -9.180052          1.631601   
9                 1.315108               -10.798310          1.930573   
10                1.419597                -8.989234          1.784645   

   Chỉ tiêu hiệu quả hoạt động                                            \
             Vòng quay tài sản Vòng quay TSCĐ Số ngày thu tiền bình quân   
0                     0.673066       9.194918                 254.701537   
1                     1.013800      10.937714                 143.139506   
2                     0.442827       4.768615                 420.373978   
3                     0.934305      15.398220                 251.052090   
4                     1.294187      28.833831                 175.036344   
5                     1.082593      21.429038                 199.381511   
6                     1.355071      17.614200                 144.290299   
7                     1.814552      11.316117                  76.698382   
8                     0.819539       4.000680                 196.080823   
9                     0.974320       4.044131                 139.465705   
10                    1.039245       3.291977                  76.293129   

                                                                       \
   Số ngày tồn kho bình quân Số ngày thanh toán bình quân Chu kỳ tiền   
0                 183.710146                   152.620577  591.032261   
1                 107.897790                    90.301007  341.338302   
2                 176.934999                   300.316979  897.625956   
3                  50.670305                   182.098865  483.821260   
4                  34.220117                   124.427461  333.683921   
5                  45.061951                   152.311768  396.755230   
6                  43.664665                   113.690010  301.644975   
7                  41.660571                    56.604186  174.963139   
8                  66.182435                   155.123817  417.387075   
9                  53.717116                   110.508549  303.691370   
10                 68.493304                    57.072401  201.858835   

                          Chỉ tiêu cơ cấu nguồn vốn                           \
   Vòng quay hàng tồn kho          (Vay NH+DH)/VCSH   Nợ/VCSH TSCĐ / Vốn CSH   
0                1.986825                  1.391507  2.341704       0.218669   
1                3.382831                  1.092159  2.109873       0.252702   
2                2.062904                  0.846963  1.886133       0.301381   
3                7.203430                  1.065161  2.893700       0.331589   
4               10.666240                  1.543394  4.579104       0.241241   
5                8.099960                  1.917186  4.074873       0.237223   
6                8.359162                  1.408532  3.797766       0.262220   
7                8.761282                  0.474123  1.301890       0.288721   
8                5.515058                  0.165806  0.631601       0.349696   
9                6.794855                  0.191464  0.930573       0.378261   
10               5.328988                  0.033321  0.429878       0.556988   

                        
   Vốn CSH/Vốn điều lệ  
0             1.788528  
1             1.851612  
2             1.943329  
3             2.162043  
4             2.118855  
5             2.058837  
6             1.988511  
7             1.903732  
8             1.737788  
9             1.560660  
10            1.067112  
