     CP   Năm  Tài sản lưu động khác  Tài sản dài hạn khác  \
0   WSS  2023            10978772175           14399695678   
1   WSS  2022            10701017296           14739450287   
2   WSS  2021            10405237469           15090940292   
3   WSS  2020            12652060180           15393853029   
4   WSS  2019            12545802430           15792915553   
5   WSS  2018            12668403939           16063039600   
6   WSS  2017            12023518437           16199164618   
7   WSS  2016            11907807757           16430198843   
8   WSS  2015            12062877699           16520852937   
9   WSS  2014            12711086530           16785304465   
10  WSS  2013            13793149870           68247827356   
11  WSS  2012            14105452224           19234136931   
12  WSS  2011            13793928349            3232086909   
13  WSS  2010            14550528679            6719013865   
14  WSS  2009              575059270            3425267388   
15  WSS  2008              508021045            4172786359   

    Chứng khoán đầu tư giữ đến ngày đáo hạn  Dự phòng giảm giá đầu tư dài hạn  \
0                              110100000000                        -968480134   
1                               99600000000                       -1204757820   
2                               92000000000                                 0   
3                               84605000000                                 0   
4                               50683275957                                 0   
5                              126518943905                                 0   
6                               60401181945                                 0   
7                              274000000000                                 0   
8                              190500000000                         -12155593   
9                                         0                         -29684562   
10                                        0                       -3522502237   
11                                        0                      -13737570000   
12                                        0                      -14476000000   
13                                        0                      -19930000000   
14                                        0                                 0   
15                                        0                                 0   

    Tài sản cố định hữu hình  Tài sản cố định vô hình  \
0                  377585341                        0   
1                  336471385                  7645790   
2                  316910029                 29736020   
3                  318492188                -24478627   
4                  219521057                 29312505   
5                  418018181                 99187513   
6                  493527749                175685431   
7                  671336446                310523627   
8                 1385582922                 39861112   
9                 2266318636                 68194444   
10                1956114503                 54797758   
11                3066794687                441414270   
12                5160554149                984664947   
13                4683051815               1431737253   
14                4566687388               1155901688   
15                4040904300                        0   

    TÀI SẢN NGẮN HẠN (Tỷ đồng)  Tiền và tương đương tiền (Tỷ đồng)  \
0                 485040350317                         22273903134   
1                 486480219448                          1858678835   
2                 501855434586                         19822138868   
3                 491224284841                         23767927160   
4                 524956713017                         75938154139   
5                 618502527964                         68578530101   
6                 562682701484                        159308516292   
7                 460568857808                         67335932739   
8                 455424636995                         43866887805   
9                 441215547532                         55481122933   
10                345486917289                         50019910999   
11                308805570465                         70117099557   
12                378015975458                        110856348356   
13                473100793874                        153685771128   
14                292068436238                         43205685653   
15                 86487879470                         41677991325   

    Giá trị thuần đầu tư ngắn hạn (Tỷ đồng)  \
0                              344683048084   
1                              338230289225   
2                              332728626225   
3                              349177529109   
4                              311964619503   
5                              488357669639   
6                              342493105399   
7                              377542020549   
8                              398432212476   
9                              367721048798   
10                             259954099982   
11                             224122364055   
12                             251742244989   
13                             286401630453   
14                             245258214499   
15                              33248118110   

    Các khoản phải thu ngắn hạn (Tỷ đồng)  \
0                            107104626924   
1                            135690234092   
2                            138899432024   
3                            105626768392   
4                            243547548316   
5                             48897924285   
6                             48857561356   
7                              3783096763   
8                              1062659015   
9                              5302289271   
10                            21719756438   
11                              460654629   
12                             1623453764   
13                            18462863614   
14                             3029476816   
15                            11053748990   

    Trả trước cho người bán ngắn hạn (Tỷ đồng)  \
0                                  95058795930   
1                                 118364905930   
2                                 128105476626   
3                                  85446589000   
4                                 117000000000   
5                                  44000382470   
6                                  44058132470   
7                                     66901538   
8                                       386997   
9                                     75879850   
10                                  5592779065   
11                                    14950000   
12                                    48000000   
13                                    60331700   
14                                   308691900   
15                                  6479476975   

    Tài sản lưu động khác (Tỷ đồng)  TÀI SẢN DÀI HẠN (Tỷ đồng)  \
0                          25500000                33558800885   
1                          10651734                33628809642   
2                           9100010                35187586341   
3                         177936530                35437866590   
4                           9000000                35791749115   
5                           9000000                36330245294   
6                           9000000                30868377798   
7                           9000000                75412058916   
8                                 0                75934141378   
9                         235200000                93241457240   
10                        846200000               171669895874   
11                        697450000               218761675888   
12                         24940000               145751306005   
13                         65739301                60596802933   
14                         49958153               149840856464   
15                        389138783                94523690659   

    TỔNG CỘNG NGUỒN VỐN (Tỷ đồng)  Lãi chưa phân phối (Tỷ đồng)  \
0                    518599151202                    3529962731   
1                    520109029090                    1882993605   
2                    537043020927                   20493185924   
3                    526662151431                   11533406462   
4                    560748462132                     835392136   
5                    654832773258                   80740871271   
6                    593551079282                   35748120828   
7                    535980916724                   20619387636   
8                    531358778373                   15665569820   
9                    534457004772                    8687837258   
10                   517156813163                    -417374197   
11                   527567246353                   -1195539221   
12                   523767281463                     122316184   
13                   533697596807                     329035665   
14                   441909292702                   29023046376   
15                   181011570129                    2274228846   

    Cổ phiếu phổ thông (Tỷ đồng)  Vốn góp của chủ sở hữu (Tỷ đồng)  \
0                   503000000000                      503000000000   
1                   503000000000                      503000000000   
2                   503000000000                      503000000000   
3                   503000000000                      503000000000   
4                   503000000000                      503000000000   
5                   503000000000                      503000000000   
6                   503000000000                      503000000000   
7                   503000000000                      503000000000   
8                   503000000000                      503000000000   
9                   503000000000                      503000000000   
10                  503000000000                      503000000000   
11                  503000000000                      503000000000   
12                  503000000000                      503000000000   
13                  503000000000                      503000000000   
14                  366000000000                      366000000000   
15                  168000000000                      168000000000   

    Vốn và các quỹ (Tỷ đồng)  VỐN CHỦ SỞ HỮU (Tỷ đồng)  Nợ dài hạn (Tỷ đồng)  \
0               514883567846              514883567846                     0   
1               513236598720              513236598720                     0   
2               531846791039              531846791039                     0   
3               522887011577              522887011577                     0   
4               512188997251              512188997251                     0   
5               592094476386              592094476386                     0   
6               547101725943              547101725943                     0   
7               531972992751              531972992751                     0   
8               527019174935              527019174935              90000000   
9               520041442373              520041442373              90000000   
10              510936230918              510936230918                     0   
11              510158065894              510158065894                     0   
12              511350693355              511350693355                     0   
13              510112013908              510112013908                     0   
14              401806024619              401806024619                     0   
15              170350449576              170350449576                     0   

    Người mua trả tiền trước ngắn hạn (Tỷ đồng)  \
0                                     885544324   
1                                     976845241   
2                                     945978000   
3                                     897728000   
4                                     998428000   
5                                    2755443575   
6                                     590028000   
7                                     781818181   
8                                    1119545454   
9                                     505000000   
10                                     51000000   
11                                            0   
12                                            0   
13                                     41039465   
14                                  10029040056   
15                                     75000000   

    Vay và nợ thuê tài chính ngắn hạn (Tỷ đồng)  Nợ ngắn hạn (Tỷ đồng)  \
0                                             0             3715583356   
1                                             0             6872430370   
2                                             0             5196229888   
3                                             0             3775139854   
4                                   44000000000            48559464881   
5                                   55000000000            62738296872   
6                                   43000000000            46449353339   
7                                             0             4007923973   
8                                             0             4249603438   
9                                             0            14325562399   
10                                            0             6220582245   
11                                   1800000000            17409180459   
12                                            0            12416588108   
13                                            0            23585582899   
14                                            0            40103268083   
15                                            0            10661120553   

    NỢ PHẢI TRẢ (Tỷ đồng)  TỔNG CỘNG TÀI SẢN (Tỷ đồng)  \
0              3715583356                 518599151202   
1              6872430370                 520109029090   
2              5196229888                 537043020927   
3              3775139854                 526662151431   
4             48559464881                 560748462132   
5             62738296872                 654832773258   
6             46449353339                 593551079282   
7              4007923973                 535980916724   
8              4339603438                 531358778373   
9             14415562399                 534457004772   
10             6220582245                 517156813163   
11            17409180459                 527567246353   
12            12416588108                 523767281463   
13            23585582899                 533697596807   
14            40103268083                 441909292702   
15            10661120553                 181011570129   

    Trả trước dài hạn (Tỷ đồng)  Tài sản dài hạn khác (Tỷ đồng)  \
0                    9327923818                     19750000000   
1                    9802625856                     19750000000   
2                   10222118153                     19750000000   
3                   10724219943                     19750000000   
4                   11242578296                     19750000000   
5                   11710532257                     19750000000   
6                   12052573053                     14000000000   
7                   12516903236                     14000000000   
8                   13031991825                     14000000000   
9                   14017880348                     14950000000   
10                  15616536729                     39950000000   
11                  17126901639                    122950000000   
12                    221959613                    122950000000   
13                   3358462461                     14950000000   
14                   1659290693                     87950000000   
15                   2507883117                     39400000000   

    Đầu tư dài hạn (Tỷ đồng)  Tài sản cố định (Tỷ đồng)  \
0                18781519866                  377585341   
1                18545242180                  344117175   
2                19750000000                  346646049   
3                19750000000                  294013561   
4                19750000000                  248833562   
5                19750000000                  517205694   
6                14000000000                  669213180   
7                14000000000                  981860073   
8                13987844407                 1425444034   
9                74121639695                 2334513080   
10              101411156257                 2010912261   
11              196019330000                 3508208957   
12              136374000000                 6145219096   
13               47763000000                 6114789068   
14              140693000000                 5722589076   
15               86310000000                 4040904300   

    Phải thu dài hạn khác (Tỷ đồng)  Phải thu dài hạn (Tỷ đồng)  
0                                 0                           0  
1                                 0                           0  
2                                 0                           0  
3                                 0                           0  
4                                 0                           0  
5                                 0                           0  
6                                 0                           0  
7                       44000000000                 44000000000  
8                       44000000000                 44000000000  
9                                 0                           0  
10                                0                           0  
11                                0                           0  
12                                0                           0  
13                                0                           0  
14                                0                           0  
15                                0                           0  
     CP   Năm  Tăng trưởng doanh thu (%)  Doanh thu (Tỷ đồng)  \
0   WSS  2023                   0.224574          42510046856   
1   WSS  2022                  -0.057250          34714154407   
2   WSS  2021                   0.081503          36822225519   
3   WSS  2020                   0.261246          34047280932   
4   WSS  2019                  -0.705593          26994948927   
5   WSS  2018                   0.477536          91692750021   
6   WSS  2017                   0.625996          62057872979   
7   WSS  2016                  -0.054155          38166069876   
8   WSS  2015                  -0.345632          40351287499   
9   WSS  2014                   1.969656          61664524547   
10  WSS  2013                  -0.372579          20764871592   
11  WSS  2012                  -0.216659          33095598872   
12  WSS  2011                  -0.622879          42249303098   
13  WSS  2010                   0.151313         112031083373   
14  WSS  2009                   3.920278          97307248111   
15  WSS  2008                   0.000000          19776778129   

    Lợi nhuận sau thuế của Cổ đông công ty mẹ (Tỷ đồng)  \
0                                          1646969126     
1                                        -18610192319     
2                                          8959779462     
3                                         10698014326     
4                                        -79905479135     
5                                         44992750443     
6                                         15128733192     
7                                          4953817816     
8                                          6977732562     
9                                          9105211455     
10                                          778165024     
11                                        -1192627461     
12                                         1252279447     
13                                        14453989289     
14                                        67067575126     
15                                          762207301     

    Tăng trưởng lợi nhuận (%)  Thu nhập tài chính  Thu nhập tài chính  \
0                    1.088498           560578757           560578757   
1                   -3.077082           248548000           248548000   
2                   -0.162482           267311708           267311708   
3                    1.133883           296273984           296273984   
4                   -2.775963           249855533           249855533   
5                    1.973993           258162117           258162117   
6                    2.053954           244384633           244384633   
7                   -0.290053           356534133           356534133   
8                   -0.233655                   0                   0   
9                   10.700875                   0                   0   
10                   1.652480                   0                   0   
11                  -1.952365                   0                   0   
12                  -0.913361                   0                   0   
13                  -0.784486                   0                   0   
14                  86.991253                   0                   0   
15                   0.000000                   0                   0   

    Chi phí tiền lãi vay  Chi phí tiền lãi vay  Doanh thu thuần  \
0                      0                     0      42510046856   
1                      0                     0      34714154407   
2                      0                     0      36822225519   
3            -1378737909           -1378737909      34047280932   
4            -3383025852           -3383025852      26994948927   
5            -2626566958           -2626566958      91692750021   
6            -1069818016           -1069818016      62057872979   
7             -181225408            -181225408      38166069876   
8              -80272553             -80272553      40351287499   
9                      0                     0      61664524547   
10                     0                     0      20764871592   
11                     0                     0      33095598872   
12                     0                     0      42249303098   
13                     0                     0     112031083373   
14                     0                     0      97307248111   
15                     0                     0      19776778129   

    Doanh thu thuần      Lãi gộp      Lãi gộp  Chi phí tài chính  \
0       42510046856   8175472050   8175472050          236277686   
1       34714154407  -9152642622  -9152642622        -1204837046   
2       36822225519  18528793500  18528793500              -9269   
3       34047280932  18630370671  18630370671        -1379314866   
4       26994948927 -69044667378 -69044667378        -3383318963   
5       91692750021  55175995105  55175995105        -2635389060   
6       62057872979  24005480349  24005480349        -1070067484   
7       38166069876  12219135348  12219135348         -169408026   
8       40351287499  16805435995  16805435995          -81479646   
9       61664524547  18032063725  18032063725                  0   
10      20764871592   9137918924   9137918924                  0   
11      33095598872  11697270650  11697270650                  0   
12      42249303098  19176626864  19176626864                  0   
13     112031083373  42373007448  42373007448                  0   
14      97307248111  85432269082  85432269082                  0   
15      19776778129   8160181586   8160181586                  0   

    Chi phí tài chính  Chi phí quản lý DN  Chi phí quản lý DN  \
0           236277686         -6727859367         -6727859367   
1         -1204837046         -8506429482         -8506429482   
2               -9269         -7841023472         -7841023472   
3         -1379314866         -7288130357         -7288130357   
4         -3383318963         -8066543722         -8066543722   
5         -2635389060         -7846313564         -7846313564   
6         -1070067484         -7098176205         -7098176205   
7          -169408026         -7755850121         -7755850121   
8           -81479646         -9991256057         -9991256057   
9                   0         -9271932487         -9271932487   
10                  0         -8360066658         -8360066658   
11                  0        -12890587978        -12890587978   
12                  0        -17973547114        -17973547114   
13                  0        -23808076640        -23808076640   
14                  0         -9006050885         -9006050885   
15                  0         -8588055825         -8588055825   

    Lãi/Lỗ từ hoạt động kinh doanh  Lãi/Lỗ từ hoạt động kinh doanh  \
0                       2244469126                      2244469126   
1                     -18615361150                    -18615361150   
2                      10955072467                     10955072467   
3                      10259199432                     10259199432   
4                     -80244674530                    -80244674530   
5                      44952454598                     44952454598   
6                      16081621293                     16081621293   
7                       4650411334                      4650411334   
8                       6997652358                      6997652358   
9                       8760131238                      8760131238   
10                       777852266                       777852266   
11                     -1193317328                     -1193317328   
12                      1203079750                      1203079750   
13                     18564930808                     18564930808   
14                     76426218197                     76426218197   
15                      -427874239                      -427874239   

    Thu nhập/Chi phí khác  Giá vốn hàng bán  \
0              -777500000      -34334574806   
1              -264831169      -43866797029   
2              -110000000      -18293432019   
3               -62364053      -15416910261   
4               -60312826      -96039616305   
5              -320814535      -36516754916   
6              -953888101      -38052392630   
7               -36608518      -25946934528   
8              -379919796      -23545851504   
9               -44919783      -43632460822   
10                 312800      -11626952668   
11                1036134      -21398328222   
12             1497015131      -23072676234   
13              198103056      -69658075925   
14             5953877381      -11874979029   
15             2092000000      -11616596543   

    Doanh thu bán hàng và cung cấp dịch vụ  Thu nhập khác  Lợi nhuận khác  \
0                              42510046856      180000000      -597500000   
1                              34714154407      270000000         5168831   
2                              36822225519      154113585        44113585   
3                              34047280932      501178947       438814894   
4                              26994948927      399508221       339195395   
5                              91692750021      361110380        40295845   
6                              62057872979        1000000      -952888101   
7                              38166069876      340015000       303406482   
8                              40351287499      360000000       -19919796   
9                              61664524547      390000000       345080217   
10                             20764871592         312758             -42   
11                             33095598872         689867         -346267   
12                             42249303098      316024306     -1180990825   
13                            112031083373      185603056       -12500000   
14                             97307248111     4749024380     -1204853001   
15                             19776778129     1190081540      -901918460   

    LN trước thuế    Thuế TNDN  Chi phí thuế TNDN hiện hành  Lợi nhuận thuần  \
0      1646969126            0                            0       1646969126   
1    -18610192319            0                            0     -18610192319   
2     10999186052  -2039406590                  -2039406590       8959779462   
3     10698014326            0                            0      10698014326   
4    -79905479135            0                            0     -79905479135   
5     44992750443            0                            0      44992750443   
6     15128733192            0                            0      15128733192   
7      4953817816            0                            0       4953817816   
8      6977732562            0                            0       6977732562   
9      9105211455            0                            0       9105211455   
10      778165024            0                            0        778165024   
11    -1192627461            0                            0      -1192627461   
12     1519104056   -266824609                   -266824609       1252279447   
13    18750533864  -4296544575                  -4296544575      14453989289   
14    81175242577 -14107667451                 -14107667451      67067575126   
15      762207301            0                            0        762207301   

    Cổ đông của Công ty mẹ  Lãi cơ bản trên cổ phiếu  
0               1646969126                        33  
1             -18610192319                      -370  
2               8959779462                       178  
3              10698014326                       213  
4             -79905479135                     -1589  
5              44992750443                       894  
6              15128733192                       301  
7               4953817816                        98  
8               6977732562                       139  
9               9105211455                       181  
10               778165024                        15  
11             -1192627461                       -24  
12              1252279447                        25  
13             14453989289                       395  
14             67067575126                      3635  
15               762207301                        45  
     CP   Năm  Tiền và tương đương tiền  \
0   WSS  2023                1858678835   
1   WSS  2022               19822138868   
2   WSS  2021               23767927160   
3   WSS  2020               75938154138   
4   WSS  2019               68578530101   
5   WSS  2018              159308827986   
6   WSS  2017               67335932739   
7   WSS  2016               43866887805   
8   WSS  2015               48577019519   
9   WSS  2014               50019910999   
10  WSS  2013               70122976424   
11  WSS  2012              110856348356   
12  WSS  2011              153685771128   
13  WSS  2010               43205685653   
14  WSS  2009               41677991325   
15  WSS  2008              148132871709   

    Lưu chuyển tiền tệ ròng từ các hoạt động SXKD  \
0                                     20415224299   
1                                    -17812460033   
2                                     -3748288292   
3                                     -7912568221   
4                                     90359624037   
5                                    -96980297885   
6                                     48971483553   
7                                     23838544934   
8                                     39289868286   
9                                   -162990456487   
10                                   -51824142348   
11                                    -6707697685   
12                                   -28949706772   
13                                   -21776333935   
14                                    51552699645   
15                                   -77982396565   

    Tiền thu được từ thanh lý tài sản cố định  \
0                                           0   
1                                           0   
2                                           0   
3                                           0   
4                                           0   
5                                           0   
6                                     1100000   
7                                           0   
8                                           0   
9                                           0   
10                                          0   
11                                          0   
12                                  940909091   
13                                          0   
14                                          0   
15                                          0   

    Đầu tư vào các doanh nghiệp khác  \
0                                  0   
1                                  0   
2                                  0   
3                                  0   
4                                  0   
5                        -5750000000   
6                                  0   
7                                  0   
8                                  0   
9                                  0   
10                     -708271598187   
11                     -285376009678   
12                     -390467300000   
13                     -119640130000   
14                     -639719000000   
15                      -53200000000   

    Tiền thu từ việc bán các khoản đầu tư vào doanh nghiệp khác  \
0                                                   0             
1                                                   0             
2                                                   0             
3                                                   0             
4                                                   0             
5                                                   0             
6                                                   0             
7                                                   0             
8                                                   0             
9                                         10623000000             
10                                       693641657237             
11                                       236035597177             
12                                       474237500000             
13                                       122221600000             
14                                       385634583333             
15                                        19000000000             

    Tiền thu được các khoản đi vay  Tiền trả các khoản đi vay  Cổ tức đã trả  \
0                                0                          0              0   
1                                0                          0              0   
2                                0                          0              0   
3                                0               -44000000000              0   
4                      44000000000               -55000000000              0   
5                     332650000000              -320650000000              0   
6                     238000000000              -195000000000              0   
7                      50806620728               -50806620728              0   
8                      53979095286               -53979095286              0   
9                       7500000000                -7500000000              0   
10                     37000000000               -38800000000    -3807000000   
11                    173870000000              -172070000000              0   
12                     45000000000               -45000000000    -1762000000   
13                               0                          0   -36600000000   
14                               0                          0    -8063500000   
15                               0                          0              0   

    Lưu chuyển tiền thuần trong kỳ  Ảnh hưởng của chênh lệch tỷ giá  \
0                      20415224299                                0   
1                     -17963460033                                0   
2                      -3945788292                            28514   
3                     -52170138221                           -88757   
4                       7359624037                           553431   
5                     -90730297885                           623388   
6                      91972583553                           -15029   
7                      23469044934                          -555767   
8                      -4710131714                         18902916   
9                       5442309018                         18902916   
10                    -20103065425                          5876867   
11                    -40739248799                                0   
12                    -42829422772                                0   
13                    110480085475                                0   
14                      1527694328                                0   
15                   -106454880384                          3338820   

    Tiền và tương đương tiền cuối kỳ  Mua sắm TSCĐ  \
0                        22273903134             0   
1                         1858678835    -151000000   
2                        19822138868    -197500000   
3                        23768015917    -257570000   
4                        75938154138  -72000000000   
5                        68578530101             0   
6                       159308516292             0   
7                        67335932739    -369500000   
8                        43866887805  -44000000000   
9                        55481122933   -1090000000   
10                       50019910999             0   
11                       70117099557  -17345111818   
12                      110856348356   -3872989000   
13                      153685771128   -2473915191   
14                       43205685653     -45000000   
15                       41677991325   -1096793061   

    Tiền thu cổ tức và lợi nhuận được chia  Lưu chuyển từ hoạt động đầu tư  \
0                                        0                               0   
1                                        0                      -151000000   
2                                        0                      -197500000   
3                                        0                      -257570000   
4                                        0                    -72000000000   
5                                        0                     -5750000000   
6                                        0                         1100000   
7                                        0                      -369500000   
8                                        0                    -44000000000   
9                              17150932054                    168432765505   
10                            -39220000000                     37328076923   
11                                       0                    -35831551114   
12                           -162980000000                    -12117716000   
13                                       0                     31856419410   
14                                       0                   -239961505317   
15                                       0                    -28472483819   

    Tăng vốn cổ phần từ góp vốn và/hoặc phát hành cổ phiếu  \
0                                                   0        
1                                                   0        
2                                                   0        
3                                                   0        
4                                                   0        
5                                                   0        
6                                                   0        
7                                                   0        
8                                                   0        
9                                                   0        
10                                                  0        
11                                                  0        
12                                                  0        
13                                       137000000000        
14                                       198000000000        
15                                                  0        

    Lưu chuyển tiền từ hoạt động tài chính  \
0                                        0   
1                                        0   
2                                        0   
3                             -44000000000   
4                             -11000000000   
5                              12000000000   
6                              43000000000   
7                                        0   
8                                        0   
9                                        0   
10                             -5607000000   
11                              1800000000   
12                             -1762000000   
13                            100400000000   
14                            189936500000   
15                                       0   

    Tiền thu hồi cho vay, bán lại các công cụ nợ của đơn vị khác (Tỷ đồng)  \
0                                                   0                        
1                                                   0                        
2                                                   0                        
3                                                   0                        
4                                                   0                        
5                                                   0                        
6                                                   0                        
7                                                   0                        
8                                                   0                        
9                                        622370353451                        
10                                        15585632386                        
11                                        30853973205                        
12                                        43043982191                        
13                                        31748864601                        
14                                         3717911350                        
15                                         6824309242                        

    Tiền chi cho vay, mua công cụ nợ của đơn vị khác (Tỷ đồng)  
0                                                   0           
1                                                   0           
2                                                   0           
3                                                   0           
4                                                   0           
5                                                   0           
6                                                   0           
7                                                   0           
8                                                   0           
9                                       -480621520000           
10                                        75592385487           
11                                                  0           
12                                        26980181718           
13                                                  0           
14                                        10450000000           
15                                                  0           
   Meta          Chỉ tiêu định giá                    \
     CP   Năm Kỳ               P/B Vốn hóa (Tỷ đồng)   
0   WSS  2023  5          0.478691      246470000000   
1   WSS  2022  5          0.607634      311860000000   
2   WSS  2021  5          0.510711      271620000000   
3   WSS  2020  5          1.742227      910430000000   
4   WSS  2019  5          1.070445      548270000000   
5   WSS  2018  5          0.925984      548270000000   
6   WSS  2017  5          1.002135      548270000000   
7   WSS  2016  5          1.030635      548270000000   
8   WSS  2015  5          1.040323      548270000000   
9   WSS  2014  5          1.054281      548270000000   
10  WSS  2013  5          1.073069      548270000000   
11  WSS  2012  5          1.074706      548270000000   
12  WSS  2011  5          1.072200      548270000000   
13  WSS  2010  5          1.074803      548270000000   
14  WSS  2009  5          0.992867      398940000000   
15  WSS  2008  5          1.074960      183120000000   

                                                                              \
   Số CP lưu hành (Triệu CP)         P/E        P/S P/Cash Flow    EPS (VND)   
0                   50300000  149.650650   5.797924   12.072853    32.742925   
1                   50300000  -16.757484   8.983655  -17.507969  -369.983943   
2                   50300000   30.315478   7.376523  -72.465077   178.126828   
3                   50300000   87.728988  26.740168    0.000000   212.684181   
4                   50300000   -6.861482  20.310096    6.067644 -1588.578114   
5                   50300000   12.185741   5.979426   -5.653416   894.488080   
6                   50300000   36.240311   8.834818   11.195699   300.770044   
7                   50300000  110.676254  14.365377   22.999306    98.485444   
8                   50300000   78.574235  13.498788    4.486353   138.722317   
9                   50300000   60.214966   8.891174   -3.363817   181.018120   
10                  50300000  704.567776  26.403727  -10.579432    15.470478   
11                  50300000 -459.716062  16.566251  -81.737434   -23.710287   
12                  50300000  437.817614  12.977019  -18.938707    24.896212   
13                  50300000   37.932088   4.893910  -25.177332   287.355652   
14                  36600000    5.948329   4.099797    7.738489  1832.447408   
15                  16800000  240.249601   9.259344   -2.348222    45.369482   

                             Chỉ tiêu khả năng sinh lợi  \
      BVPS (VND)   EV/EBITDA     Biên lợi nhuận gộp (%)   
0   10236.253834  141.310940                   0.192319   
1   10203.510909  -17.554791                  -0.263657   
2   10573.494852   23.244372                   0.503196   
3   10389.001051   78.653361                   0.547191   
4   10182.683842   -6.719323                  -2.557688   
5   11771.261956   11.244961                   0.601749   
6   10876.773876   25.548809                   0.386824   
7   10576.003832   91.148676                   0.320157   
8   10477.518388   70.135528                   0.416478   
9   10338.796071   51.394370                   0.292422   
10  10157.777951  304.333104                   0.440066   
11  10142.307473  318.005621                   0.353439   
12  10166.017761  112.261349                   0.453892   
13  10141.391927   19.141219                   0.378225   
14  10978.306684    4.578659                   0.877964   
15  10139.907713 -330.569115                   0.412614   

                                                                        \
   Biên lợi nhuận ròng (%)   ROE (%)  ROIC (%)   ROA (%) Biên EBIT (%)   
0                 0.038743  0.003204  0.002812  0.003171      0.034053   
1                -0.536098 -0.035615 -0.034407 -0.035208     -0.508699   
2                 0.243325  0.016995  0.020096  0.016854      0.290253   
3                 0.314211  0.020058  0.021572  0.019096      0.333132   
4                -2.960016 -0.144719 -0.138642 -0.131469     -2.856505   
5                 0.490690  0.078990  0.073142  0.072082      0.516177   
6                 0.243784  0.028040  0.028652  0.026788      0.272444   
7                 0.129796  0.009356  0.008390  0.009166      0.116944   
8                 0.172925  0.013328  0.013278  0.012929      0.168871   
9                 0.147657  0.017663  0.016845  0.017317      0.142061   
10                0.037475  0.001524  0.001522  0.001490      0.037460   
11               -0.036036 -0.002335 -0.002331 -0.002269     -0.036057   
12                0.029640  0.002452  0.002353  0.002368      0.028476   
13                0.129018  0.031700  0.036394  0.029631      0.165712   
14                0.689235  0.234438  0.190207  0.215333      0.785411   
15                0.038541  0.004474 -0.002512  0.004211     -0.021635   

                                                       \
   EBITDA (Tỷ đồng) EBIT (Tỷ đồng) Tỷ suất cổ tức (%)   
0        1586544517     1447612683           0.000000   
1      -17659072104   -17659072104           0.000000   
2       10832637540    10687770028           0.000000   
3       11273031218    11342240314           0.000000   
4      -76842838968   -77111211100           0.000000   
5       47549429527    47329681541           0.000000   
6       16907304144    16907304144           0.000000   
7        5276369188     4463285227           0.000000   
8        6997652358     6814179938           0.000000   
9        9588382419     8760131238           0.000000   
10       1637186628      777852266           0.000000   
11       1509259175    -1193317328           0.000000   
12       3896386922     1203079750           0.000000   
13      20614373287    18564930808           0.091743   
14      77693990590    76426218197           0.000000   
15       -427874239     -427874239           0.000000   

          Chỉ tiêu thanh khoản                             \
   Chỉ số thanh toán hiện thời Chỉ số thanh toán tiền mặt   
0                   130.542180                  51.253649   
1                    70.787217                  23.987581   
2                    96.580684                  32.108925   
3                   141.263241                  57.265319   
4                    10.810595                   5.329847   
5                     9.858453                   5.279828   
6                    12.113897                   6.923787   
7                   114.914569                  19.690554   
8                    23.827190                  18.601913   
9                    30.799178                  29.980293   
10                   55.539322                  49.987844   
11                   17.738088                  17.080074   
12                   30.444432                  29.207421   
13                   20.058898                  18.998014   
14                    7.282909                   7.214645   
15                    8.112457                   7.168534   

                                                                       \
   Chỉ số thanh toán nhanh Khả năng chi trả lãi vay Đòn bẩy tài chính   
0                80.079440                 0.000000          1.007216   
1                43.731722                 0.000000          1.013390   
2                58.839734                 0.000000          1.009770   
3                87.650989                -8.226538          1.007220   
4                 7.893881                22.793562          1.094808   
5                 6.059223               -18.019598          1.105960   
6                 7.975633               -15.803907          1.084901   
7                20.634458               -24.628364          1.007534   
8                23.543865               -84.888043          1.008234   
9                30.350421                 0.000000          1.027720   
10               53.479440                 0.000000          1.012175   
11               17.106534                 0.000000          1.034125   
12               29.338170                 0.000000          1.024282   
13               19.780817                 0.000000          1.046236   
14                7.290187                 0.000000          1.099808   
15                8.205362                 0.000000          1.062583   

   Chỉ tiêu hiệu quả hoạt động                                            \
             Vòng quay tài sản Vòng quay TSCĐ Số ngày thu tiền bình quân   
0                     0.081852     117.804901                   0.000000   
1                     0.065675     100.509562                   0.000000   
2                     0.069266     114.950982                   0.000000   
3                     0.062649     125.439666                   0.000000   
4                     0.044415      70.479283                   0.000000   
5                     0.146898     154.570619                   0.000000   
6                     0.109882      75.172768                   0.000000   
7                     0.070620      31.708557                   0.926113   
8                     0.075259      21.604629                   1.094909   
9                     0.117276      28.381353                   0.968249   
10                    0.039752       7.524702                   3.006875   
11                    0.062959       6.856756                   5.257873   
12                    0.079907       6.892215                  58.289641   
13                    0.229664      18.928361                  20.705651   
14                    0.312423      19.932875                   1.509512   
15                    0.109257       4.894147                  12.919192   

                                            Chỉ tiêu cơ cấu nguồn vốn  \
   Số ngày thanh toán bình quân Chu kỳ tiền          (Vay NH+DH)/VCSH   
0                     16.948701    0.000000                  0.000000   
1                     16.053332    0.000000                  0.000000   
2                      7.251227    0.000000                  0.000000   
3                      5.899046    0.000000                  0.000000   
4                      1.556396    0.000000                  0.085906   
5                      3.468054    0.000000                  0.092891   
6                      4.740903    0.000000                  0.078596   
7                      8.080910    9.007023                  0.000000   
8                      5.244855    6.339765                  0.000000   
9                      2.972737    3.940987                  0.000000   
10                    27.067336   30.074211                  0.000000   
11                    10.642471   15.900344                  0.003528   
12                    15.887400   74.177041                  0.000000   
13                     6.181458   26.887109                  0.000000   
14                     9.532608   11.042120                  0.000000   
15                     6.352530   19.271723                  0.000000   

                                                 
     Nợ/VCSH TSCĐ / Vốn CSH Vốn CSH/Vốn điều lệ  
0   0.007216       0.000733            1.023625  
1   0.013390       0.000670            1.020351  
2   0.009770       0.000652            1.057349  
3   0.006901       0.000562            1.039537  
4   0.094808       0.000486            1.018268  
5   0.105960       0.000874            1.177126  
6   0.084901       0.001223            1.087677  
7   0.007534       0.001846            1.057600  
8   0.033952       0.002705            1.047752  
9   0.027720       0.004489            1.033880  
10  0.012175       0.003936            1.015778  
11  0.034125       0.006877            1.014231  
12  0.024282       0.012018            1.016602  
13  0.046236       0.011987            1.014139  
14  0.099808       0.014242            0.798819  
15  0.062583       0.023721            0.338669  
