     CP   Năm  TÀI SẢN NGẮN HẠN (Tỷ đồng)  Tiền và tương đương tiền (Tỷ đồng)  \
0   WSS  2023                485040350317                         22273903134   
1   WSS  2022                486480219448                          1858678835   
2   WSS  2021                501855434586                         19822138868   
3   WSS  2020                491224284841                         23767927160   
4   WSS  2019                524956713017                         75938154139   
5   WSS  2018                618502527964                         68578530101   
6   WSS  2017                562682701484                        159308516292   
7   WSS  2016                460568857808                         67335932739   
8   WSS  2015                455424636995                         43866887805   
9   WSS  2014                441215547532                         55481122933   
10  WSS  2013                345486917289                         50019910999   
11  WSS  2012                308805570465                         70117099557   
12  WSS  2011                378015975458                        110856348356   
13  WSS  2010                473100793874                        153685771128   
14  WSS  2009                292068436238                         43205685653   
15  WSS  2008                 86487879470                         41677991325   

    Giá trị thuần đầu tư ngắn hạn (Tỷ đồng)  \
0                              344683048084   
1                              338230289225   
2                              332728626225   
3                              349177529109   
4                              311964619503   
5                              488357669639   
6                              342493105399   
7                              377542020549   
8                              398432212476   
9                              367721048798   
10                             259954099982   
11                             224122364055   
12                             251742244989   
13                             286401630453   
14                             245258214499   
15                              33248118110   

    Các khoản phải thu ngắn hạn (Tỷ đồng)  Tài sản lưu động khác  \
0                            107104626924            10978772175   
1                            135690234092            10701017296   
2                            138899432024            10405237469   
3                            105626768392            12652060180   
4                            243547548316            12545802430   
5                             48897924285            12668403939   
6                             48857561356            12023518437   
7                              3783096763            11907807757   
8                              1062659015            12062877699   
9                              5302289271            12711086530   
10                            21719756438            13793149870   
11                              460654629            14105452224   
12                             1623453764            13793928349   
13                            18462863614            14550528679   
14                             3029476816              575059270   
15                            11053748990              508021045   

    TÀI SẢN DÀI HẠN (Tỷ đồng)  Phải thu dài hạn (Tỷ đồng)  \
0                 33558800885                           0   
1                 33628809642                           0   
2                 35187586341                           0   
3                 35437866590                           0   
4                 35791749115                           0   
5                 36330245294                           0   
6                 30868377798                           0   
7                 75412058916                 44000000000   
8                 75934141378                 44000000000   
9                 93241457240                           0   
10               171669895874                           0   
11               218761675888                           0   
12               145751306005                           0   
13                60596802933                           0   
14               149840856464                           0   
15                94523690659                           0   

    Tài sản cố định (Tỷ đồng)  Đầu tư dài hạn (Tỷ đồng)  Tài sản dài hạn khác  \
0                   377585341               18781519866           14399695678   
1                   344117175               18545242180           14739450287   
2                   346646049               19750000000           15090940292   
3                   294013561               19750000000           15393853029   
4                   248833562               19750000000           15792915553   
5                   517205694               19750000000           16063039600   
6                   669213180               14000000000           16199164618   
7                   981860073               14000000000           16430198843   
8                  1425444034               13987844407           16520852937   
9                  2334513080               74121639695           16785304465   
10                 2010912261              101411156257           68247827356   
11                 3508208957              196019330000           19234136931   
12                 6145219096              136374000000            3232086909   
13                 6114789068               47763000000            6719013865   
14                 5722589076              140693000000            3425267388   
15                 4040904300               86310000000            4172786359   

    TỔNG CỘNG TÀI SẢN (Tỷ đồng)  NỢ PHẢI TRẢ (Tỷ đồng)  Nợ ngắn hạn (Tỷ đồng)  \
0                  518599151202             3715583356             3715583356   
1                  520109029090             6872430370             6872430370   
2                  537043020927             5196229888             5196229888   
3                  526662151431             3775139854             3775139854   
4                  560748462132            48559464881            48559464881   
5                  654832773258            62738296872            62738296872   
6                  593551079282            46449353339            46449353339   
7                  535980916724             4007923973             4007923973   
8                  531358778373             4339603438             4249603438   
9                  534457004772            14415562399            14325562399   
10                 517156813163             6220582245             6220582245   
11                 527567246353            17409180459            17409180459   
12                 523767281463            12416588108            12416588108   
13                 533697596807            23585582899            23585582899   
14                 441909292702            40103268083            40103268083   
15                 181011570129            10661120553            10661120553   

    Nợ dài hạn (Tỷ đồng)  VỐN CHỦ SỞ HỮU (Tỷ đồng)  Vốn và các quỹ (Tỷ đồng)  \
0                      0              514883567846              514883567846   
1                      0              513236598720              513236598720   
2                      0              531846791039              531846791039   
3                      0              522887011577              522887011577   
4                      0              512188997251              512188997251   
5                      0              592094476386              592094476386   
6                      0              547101725943              547101725943   
7                      0              531972992751              531972992751   
8               90000000              527019174935              527019174935   
9               90000000              520041442373              520041442373   
10                     0              510936230918              510936230918   
11                     0              510158065894              510158065894   
12                     0              511350693355              511350693355   
13                     0              510112013908              510112013908   
14                     0              401806024619              401806024619   
15                     0              170350449576              170350449576   

    Lãi chưa phân phối (Tỷ đồng)  TỔNG CỘNG NGUỒN VỐN (Tỷ đồng)  \
0                     3529962731                   518599151202   
1                     1882993605                   520109029090   
2                    20493185924                   537043020927   
3                    11533406462                   526662151431   
4                      835392136                   560748462132   
5                    80740871271                   654832773258   
6                    35748120828                   593551079282   
7                    20619387636                   535980916724   
8                    15665569820                   531358778373   
9                     8687837258                   534457004772   
10                    -417374197                   517156813163   
11                   -1195539221                   527567246353   
12                     122316184                   523767281463   
13                     329035665                   533697596807   
14                   29023046376                   441909292702   
15                    2274228846                   181011570129   

    Trả trước cho người bán ngắn hạn (Tỷ đồng)  \
0                                  95058795930   
1                                 118364905930   
2                                 128105476626   
3                                  85446589000   
4                                 117000000000   
5                                  44000382470   
6                                  44058132470   
7                                     66901538   
8                                       386997   
9                                     75879850   
10                                  5592779065   
11                                    14950000   
12                                    48000000   
13                                    60331700   
14                                   308691900   
15                                  6479476975   

    Tài sản lưu động khác (Tỷ đồng)  Cổ phiếu phổ thông (Tỷ đồng)  \
0                          25500000                  503000000000   
1                          10651734                  503000000000   
2                           9100010                  503000000000   
3                         177936530                  503000000000   
4                           9000000                  503000000000   
5                           9000000                  503000000000   
6                           9000000                  503000000000   
7                           9000000                  503000000000   
8                                 0                  503000000000   
9                         235200000                  503000000000   
10                        846200000                  503000000000   
11                        697450000                  503000000000   
12                         24940000                  503000000000   
13                         65739301                  503000000000   
14                         49958153                  366000000000   
15                        389138783                  168000000000   

    Vốn góp của chủ sở hữu (Tỷ đồng)  \
0                       503000000000   
1                       503000000000   
2                       503000000000   
3                       503000000000   
4                       503000000000   
5                       503000000000   
6                       503000000000   
7                       503000000000   
8                       503000000000   
9                       503000000000   
10                      503000000000   
11                      503000000000   
12                      503000000000   
13                      503000000000   
14                      366000000000   
15                      168000000000   

    Người mua trả tiền trước ngắn hạn (Tỷ đồng)  \
0                                     885544324   
1                                     976845241   
2                                     945978000   
3                                     897728000   
4                                     998428000   
5                                    2755443575   
6                                     590028000   
7                                     781818181   
8                                    1119545454   
9                                     505000000   
10                                     51000000   
11                                            0   
12                                            0   
13                                     41039465   
14                                  10029040056   
15                                     75000000   

    Vay và nợ thuê tài chính ngắn hạn (Tỷ đồng)  Trả trước dài hạn (Tỷ đồng)  \
0                                             0                   9327923818   
1                                             0                   9802625856   
2                                             0                  10222118153   
3                                             0                  10724219943   
4                                   44000000000                  11242578296   
5                                   55000000000                  11710532257   
6                                   43000000000                  12052573053   
7                                             0                  12516903236   
8                                             0                  13031991825   
9                                             0                  14017880348   
10                                            0                  15616536729   
11                                   1800000000                  17126901639   
12                                            0                    221959613   
13                                            0                   3358462461   
14                                            0                   1659290693   
15                                            0                   2507883117   

    Tài sản dài hạn khác (Tỷ đồng)  Phải thu dài hạn khác (Tỷ đồng)  
0                      19750000000                                0  
1                      19750000000                                0  
2                      19750000000                                0  
3                      19750000000                                0  
4                      19750000000                                0  
5                      19750000000                                0  
6                      14000000000                                0  
7                      14000000000                      44000000000  
8                      14000000000                      44000000000  
9                      14950000000                                0  
10                     39950000000                                0  
11                    122950000000                                0  
12                    122950000000                                0  
13                     14950000000                                0  
14                     87950000000                                0  
15                     39400000000                                0  
     CP   Năm  Doanh thu (Tỷ đồng)  Tăng trưởng doanh thu (%)  \
0   WSS  2023          42510046856                   0.224574   
1   WSS  2022          34714154407                  -0.057250   
2   WSS  2021          36822225519                   0.081503   
3   WSS  2020          34047280932                   0.261246   
4   WSS  2019          26994948927                  -0.705593   
5   WSS  2018          91692750021                   0.477536   
6   WSS  2017          62057872979                   0.625996   
7   WSS  2016          38166069876                  -0.054155   
8   WSS  2015          40351287499                  -0.345632   
9   WSS  2014          61664524547                   1.969656   
10  WSS  2013          20764871592                  -0.372579   
11  WSS  2012          33095598872                  -0.216659   
12  WSS  2011          42249303098                  -0.622879   
13  WSS  2010         112031083373                   0.151313   
14  WSS  2009          97307248111                   3.920278   
15  WSS  2008          19776778129                   0.000000   

    Lợi nhuận sau thuế của Cổ đông công ty mẹ (Tỷ đồng)  \
0                                          1646969126     
1                                        -18610192319     
2                                          8959779462     
3                                         10698014326     
4                                        -79905479135     
5                                         44992750443     
6                                         15128733192     
7                                          4953817816     
8                                          6977732562     
9                                          9105211455     
10                                          778165024     
11                                        -1192627461     
12                                         1252279447     
13                                        14453989289     
14                                        67067575126     
15                                          762207301     

    Tăng trưởng lợi nhuận (%)  Doanh thu thuần  Giá vốn hàng bán      Lãi gộp  \
0                    1.088498      42510046856      -34334574806   8175472050   
1                   -3.077082      34714154407      -43866797029  -9152642622   
2                   -0.162482      36822225519      -18293432019  18528793500   
3                    1.133883      34047280932      -15416910261  18630370671   
4                   -2.775963      26994948927      -96039616305 -69044667378   
5                    1.973993      91692750021      -36516754916  55175995105   
6                    2.053954      62057872979      -38052392630  24005480349   
7                   -0.290053      38166069876      -25946934528  12219135348   
8                   -0.233655      40351287499      -23545851504  16805435995   
9                   10.700875      61664524547      -43632460822  18032063725   
10                   1.652480      20764871592      -11626952668   9137918924   
11                  -1.952365      33095598872      -21398328222  11697270650   
12                  -0.913361      42249303098      -23072676234  19176626864   
13                  -0.784486     112031083373      -69658075925  42373007448   
14                  86.991253      97307248111      -11874979029  85432269082   
15                   0.000000      19776778129      -11616596543   8160181586   

    Thu nhập tài chính  Chi phí tài chính  Chi phí tiền lãi vay  \
0            560578757          236277686                     0   
1            248548000        -1204837046                     0   
2            267311708              -9269                     0   
3            296273984        -1379314866           -1378737909   
4            249855533        -3383318963           -3383025852   
5            258162117        -2635389060           -2626566958   
6            244384633        -1070067484           -1069818016   
7            356534133         -169408026            -181225408   
8                    0          -81479646             -80272553   
9                    0                  0                     0   
10                   0                  0                     0   
11                   0                  0                     0   
12                   0                  0                     0   
13                   0                  0                     0   
14                   0                  0                     0   
15                   0                  0                     0   

    Chi phí quản lý DN  Lãi/Lỗ từ hoạt động kinh doanh  Lợi nhuận khác  \
0          -6727859367                      2244469126      -597500000   
1          -8506429482                    -18615361150         5168831   
2          -7841023472                     10955072467        44113585   
3          -7288130357                     10259199432       438814894   
4          -8066543722                    -80244674530       339195395   
5          -7846313564                     44952454598        40295845   
6          -7098176205                     16081621293      -952888101   
7          -7755850121                      4650411334       303406482   
8          -9991256057                      6997652358       -19919796   
9          -9271932487                      8760131238       345080217   
10         -8360066658                       777852266             -42   
11        -12890587978                     -1193317328         -346267   
12        -17973547114                      1203079750     -1180990825   
13        -23808076640                     18564930808       -12500000   
14         -9006050885                     76426218197     -1204853001   
15         -8588055825                      -427874239      -901918460   

    LN trước thuế  Chi phí thuế TNDN hiện hành  Lợi nhuận thuần  \
0      1646969126                            0       1646969126   
1    -18610192319                            0     -18610192319   
2     10999186052                  -2039406590       8959779462   
3     10698014326                            0      10698014326   
4    -79905479135                            0     -79905479135   
5     44992750443                            0      44992750443   
6     15128733192                            0      15128733192   
7      4953817816                            0       4953817816   
8      6977732562                            0       6977732562   
9      9105211455                            0       9105211455   
10      778165024                            0        778165024   
11    -1192627461                            0      -1192627461   
12     1519104056                   -266824609       1252279447   
13    18750533864                  -4296544575      14453989289   
14    81175242577                 -14107667451      67067575126   
15      762207301                            0        762207301   

    Cổ đông của Công ty mẹ  Doanh thu bán hàng và cung cấp dịch vụ  \
0               1646969126                             42510046856   
1             -18610192319                             34714154407   
2               8959779462                             36822225519   
3              10698014326                             34047280932   
4             -79905479135                             26994948927   
5              44992750443                             91692750021   
6              15128733192                             62057872979   
7               4953817816                             38166069876   
8               6977732562                             40351287499   
9               9105211455                             61664524547   
10               778165024                             20764871592   
11             -1192627461                             33095598872   
12              1252279447                             42249303098   
13             14453989289                            112031083373   
14             67067575126                             97307248111   
15               762207301                             19776778129   

    Thu nhập khác  Thu nhập/Chi phí khác  
0       180000000             -777500000  
1       270000000             -264831169  
2       154113585             -110000000  
3       501178947              -62364053  
4       399508221              -60312826  
5       361110380             -320814535  
6         1000000             -953888101  
7       340015000              -36608518  
8       360000000             -379919796  
9       390000000              -44919783  
10         312758                 312800  
11         689867                1036134  
12      316024306             1497015131  
13      185603056              198103056  
14     4749024380             5953877381  
15     1190081540             2092000000  
     CP   Năm  Lưu chuyển tiền tệ ròng từ các hoạt động SXKD  Mua sắm TSCĐ  \
0   WSS  2023                                    20415224299             0   
1   WSS  2022                                   -17812460033    -151000000   
2   WSS  2021                                    -3748288292    -197500000   
3   WSS  2020                                    -7912568221    -257570000   
4   WSS  2019                                    90359624037  -72000000000   
5   WSS  2018                                   -96980297885             0   
6   WSS  2017                                    48971483553             0   
7   WSS  2016                                    23838544934    -369500000   
8   WSS  2015                                    39289868286  -44000000000   
9   WSS  2014                                  -162990456487   -1090000000   
10  WSS  2013                                   -51824142348             0   
11  WSS  2012                                    -6707697685  -17345111818   
12  WSS  2011                                   -28949706772   -3872989000   
13  WSS  2010                                   -21776333935   -2473915191   
14  WSS  2009                                    51552699645     -45000000   
15  WSS  2008                                   -77982396565   -1096793061   

    Tiền thu được từ thanh lý tài sản cố định  \
0                                           0   
1                                           0   
2                                           0   
3                                           0   
4                                           0   
5                                           0   
6                                     1100000   
7                                           0   
8                                           0   
9                                           0   
10                                          0   
11                                          0   
12                                  940909091   
13                                          0   
14                                          0   
15                                          0   

    Tiền chi cho vay, mua công cụ nợ của đơn vị khác (Tỷ đồng)  \
0                                                   0            
1                                                   0            
2                                                   0            
3                                                   0            
4                                                   0            
5                                                   0            
6                                                   0            
7                                                   0            
8                                                   0            
9                                       -480621520000            
10                                        75592385487            
11                                                  0            
12                                        26980181718            
13                                                  0            
14                                        10450000000            
15                                                  0            

    Tiền thu hồi cho vay, bán lại các công cụ nợ của đơn vị khác (Tỷ đồng)  \
0                                                   0                        
1                                                   0                        
2                                                   0                        
3                                                   0                        
4                                                   0                        
5                                                   0                        
6                                                   0                        
7                                                   0                        
8                                                   0                        
9                                        622370353451                        
10                                        15585632386                        
11                                        30853973205                        
12                                        43043982191                        
13                                        31748864601                        
14                                         3717911350                        
15                                         6824309242                        

    Đầu tư vào các doanh nghiệp khác  \
0                                  0   
1                                  0   
2                                  0   
3                                  0   
4                                  0   
5                        -5750000000   
6                                  0   
7                                  0   
8                                  0   
9                                  0   
10                     -708271598187   
11                     -285376009678   
12                     -390467300000   
13                     -119640130000   
14                     -639719000000   
15                      -53200000000   

    Tiền thu từ việc bán các khoản đầu tư vào doanh nghiệp khác  \
0                                                   0             
1                                                   0             
2                                                   0             
3                                                   0             
4                                                   0             
5                                                   0             
6                                                   0             
7                                                   0             
8                                                   0             
9                                         10623000000             
10                                       693641657237             
11                                       236035597177             
12                                       474237500000             
13                                       122221600000             
14                                       385634583333             
15                                        19000000000             

    Tiền thu cổ tức và lợi nhuận được chia  Lưu chuyển từ hoạt động đầu tư  \
0                                        0                               0   
1                                        0                      -151000000   
2                                        0                      -197500000   
3                                        0                      -257570000   
4                                        0                    -72000000000   
5                                        0                     -5750000000   
6                                        0                         1100000   
7                                        0                      -369500000   
8                                        0                    -44000000000   
9                              17150932054                    168432765505   
10                            -39220000000                     37328076923   
11                                       0                    -35831551114   
12                           -162980000000                    -12117716000   
13                                       0                     31856419410   
14                                       0                   -239961505317   
15                                       0                    -28472483819   

    Tăng vốn cổ phần từ góp vốn và/hoặc phát hành cổ phiếu  \
0                                                   0        
1                                                   0        
2                                                   0        
3                                                   0        
4                                                   0        
5                                                   0        
6                                                   0        
7                                                   0        
8                                                   0        
9                                                   0        
10                                                  0        
11                                                  0        
12                                                  0        
13                                       137000000000        
14                                       198000000000        
15                                                  0        

    Tiền thu được các khoản đi vay  Tiền trả các khoản đi vay  Cổ tức đã trả  \
0                                0                          0              0   
1                                0                          0              0   
2                                0                          0              0   
3                                0               -44000000000              0   
4                      44000000000               -55000000000              0   
5                     332650000000              -320650000000              0   
6                     238000000000              -195000000000              0   
7                      50806620728               -50806620728              0   
8                      53979095286               -53979095286              0   
9                       7500000000                -7500000000              0   
10                     37000000000               -38800000000    -3807000000   
11                    173870000000              -172070000000              0   
12                     45000000000               -45000000000    -1762000000   
13                               0                          0   -36600000000   
14                               0                          0    -8063500000   
15                               0                          0              0   

    Lưu chuyển tiền từ hoạt động tài chính  Lưu chuyển tiền thuần trong kỳ  \
0                                        0                     20415224299   
1                                        0                    -17963460033   
2                                        0                     -3945788292   
3                             -44000000000                    -52170138221   
4                             -11000000000                      7359624037   
5                              12000000000                    -90730297885   
6                              43000000000                     91972583553   
7                                        0                     23469044934   
8                                        0                     -4710131714   
9                                        0                      5442309018   
10                             -5607000000                    -20103065425   
11                              1800000000                    -40739248799   
12                             -1762000000                    -42829422772   
13                            100400000000                    110480085475   
14                            189936500000                      1527694328   
15                                       0                   -106454880384   

    Tiền và tương đương tiền  Ảnh hưởng của chênh lệch tỷ giá  \
0                 1858678835                                0   
1                19822138868                                0   
2                23767927160                            28514   
3                75938154138                           -88757   
4                68578530101                           553431   
5               159308827986                           623388   
6                67335932739                           -15029   
7                43866887805                          -555767   
8                48577019519                         18902916   
9                50019910999                         18902916   
10               70122976424                          5876867   
11              110856348356                                0   
12              153685771128                                0   
13               43205685653                                0   
14               41677991325                                0   
15              148132871709                          3338820   

    Tiền và tương đương tiền cuối kỳ  
0                        22273903134  
1                         1858678835  
2                        19822138868  
3                        23768015917  
4                        75938154138  
5                        68578530101  
6                       159308516292  
7                        67335932739  
8                        43866887805  
9                        55481122933  
10                       50019910999  
11                       70117099557  
12                      110856348356  
13                      153685771128  
14                       43205685653  
15                       41677991325  
   Meta          Chỉ tiêu cơ cấu nguồn vốn                           \
     CP   Năm Kỳ          (Vay NH+DH)/VCSH   Nợ/VCSH TSCĐ / Vốn CSH   
0   WSS  2023  5                  0.000000  0.007216       0.000733   
1   WSS  2022  5                  0.000000  0.013390       0.000670   
2   WSS  2021  5                  0.000000  0.009770       0.000652   
3   WSS  2020  5                  0.000000  0.006901       0.000562   
4   WSS  2019  5                  0.085906  0.094808       0.000486   
5   WSS  2018  5                  0.092891  0.105960       0.000874   
6   WSS  2017  5                  0.078596  0.084901       0.001223   
7   WSS  2016  5                  0.000000  0.007534       0.001846   
8   WSS  2015  5                  0.000000  0.033952       0.002705   
9   WSS  2014  5                  0.000000  0.027720       0.004489   
10  WSS  2013  5                  0.000000  0.012175       0.003936   
11  WSS  2012  5                  0.003528  0.034125       0.006877   
12  WSS  2011  5                  0.000000  0.024282       0.012018   
13  WSS  2010  5                  0.000000  0.046236       0.011987   
14  WSS  2009  5                  0.000000  0.099808       0.014242   
15  WSS  2008  5                  0.000000  0.062583       0.023721   

                       Chỉ tiêu hiệu quả hoạt động                 \
   Vốn CSH/Vốn điều lệ           Vòng quay tài sản Vòng quay TSCĐ   
0             1.023625                    0.081852     117.804901   
1             1.020351                    0.065675     100.509562   
2             1.057349                    0.069266     114.950982   
3             1.039537                    0.062649     125.439666   
4             1.018268                    0.044415      70.479283   
5             1.177126                    0.146898     154.570619   
6             1.087677                    0.109882      75.172768   
7             1.057600                    0.070620      31.708557   
8             1.047752                    0.075259      21.604629   
9             1.033880                    0.117276      28.381353   
10            1.015778                    0.039752       7.524702   
11            1.014231                    0.062959       6.856756   
12            1.016602                    0.079907       6.892215   
13            1.014139                    0.229664      18.928361   
14            0.798819                    0.312423      19.932875   
15            0.338669                    0.109257       4.894147   

                                                                        \
   Số ngày thu tiền bình quân Số ngày thanh toán bình quân Chu kỳ tiền   
0                    0.000000                    16.948701    0.000000   
1                    0.000000                    16.053332    0.000000   
2                    0.000000                     7.251227    0.000000   
3                    0.000000                     5.899046    0.000000   
4                    0.000000                     1.556396    0.000000   
5                    0.000000                     3.468054    0.000000   
6                    0.000000                     4.740903    0.000000   
7                    0.926113                     8.080910    9.007023   
8                    1.094909                     5.244855    6.339765   
9                    0.968249                     2.972737    3.940987   
10                   3.006875                    27.067336   30.074211   
11                   5.257873                    10.642471   15.900344   
12                  58.289641                    15.887400   74.177041   
13                  20.705651                     6.181458   26.887109   
14                   1.509512                     9.532608   11.042120   
15                  12.919192                     6.352530   19.271723   

   Chỉ tiêu khả năng sinh lợi                                                 \
                Biên EBIT (%) Biên lợi nhuận gộp (%) Biên lợi nhuận ròng (%)   
0                    0.034053               0.192319                0.038743   
1                   -0.508699              -0.263657               -0.536098   
2                    0.290253               0.503196                0.243325   
3                    0.333132               0.547191                0.314211   
4                   -2.856505              -2.557688               -2.960016   
5                    0.516177               0.601749                0.490690   
6                    0.272444               0.386824                0.243784   
7                    0.116944               0.320157                0.129796   
8                    0.168871               0.416478                0.172925   
9                    0.142061               0.292422                0.147657   
10                   0.037460               0.440066                0.037475   
11                  -0.036057               0.353439               -0.036036   
12                   0.028476               0.453892                0.029640   
13                   0.165712               0.378225                0.129018   
14                   0.785411               0.877964                0.689235   
15                  -0.021635               0.412614                0.038541   

                                                                  \
     ROE (%)  ROIC (%)   ROA (%) EBITDA (Tỷ đồng) EBIT (Tỷ đồng)   
0   0.003204  0.002812  0.003171       1586544517     1447612683   
1  -0.035615 -0.034407 -0.035208     -17659072104   -17659072104   
2   0.016995  0.020096  0.016854      10832637540    10687770028   
3   0.020058  0.021572  0.019096      11273031218    11342240314   
4  -0.144719 -0.138642 -0.131469     -76842838968   -77111211100   
5   0.078990  0.073142  0.072082      47549429527    47329681541   
6   0.028040  0.028652  0.026788      16907304144    16907304144   
7   0.009356  0.008390  0.009166       5276369188     4463285227   
8   0.013328  0.013278  0.012929       6997652358     6814179938   
9   0.017663  0.016845  0.017317       9588382419     8760131238   
10  0.001524  0.001522  0.001490       1637186628      777852266   
11 -0.002335 -0.002331 -0.002269       1509259175    -1193317328   
12  0.002452  0.002353  0.002368       3896386922     1203079750   
13  0.031700  0.036394  0.029631      20614373287    18564930808   
14  0.234438  0.190207  0.215333      77693990590    76426218197   
15  0.004474 -0.002512  0.004211       -427874239     -427874239   

                             Chỉ tiêu thanh khoản                             \
   Tỷ suất cổ tức (%) Chỉ số thanh toán hiện thời Chỉ số thanh toán tiền mặt   
0            0.000000                  130.542180                  51.253649   
1            0.000000                   70.787217                  23.987581   
2            0.000000                   96.580684                  32.108925   
3            0.000000                  141.263241                  57.265319   
4            0.000000                   10.810595                   5.329847   
5            0.000000                    9.858453                   5.279828   
6            0.000000                   12.113897                   6.923787   
7            0.000000                  114.914569                  19.690554   
8            0.000000                   23.827190                  18.601913   
9            0.000000                   30.799178                  29.980293   
10           0.000000                   55.539322                  49.987844   
11           0.000000                   17.738088                  17.080074   
12           0.000000                   30.444432                  29.207421   
13           0.091743                   20.058898                  18.998014   
14           0.000000                    7.282909                   7.214645   
15           0.000000                    8.112457                   7.168534   

                                                                       \
   Chỉ số thanh toán nhanh Khả năng chi trả lãi vay Đòn bẩy tài chính   
0                80.079440                 0.000000          1.007216   
1                43.731722                 0.000000          1.013390   
2                58.839734                 0.000000          1.009770   
3                87.650989                -8.226538          1.007220   
4                 7.893881                22.793562          1.094808   
5                 6.059223               -18.019598          1.105960   
6                 7.975633               -15.803907          1.084901   
7                20.634458               -24.628364          1.007534   
8                23.543865               -84.888043          1.008234   
9                30.350421                 0.000000          1.027720   
10               53.479440                 0.000000          1.012175   
11               17.106534                 0.000000          1.034125   
12               29.338170                 0.000000          1.024282   
13               19.780817                 0.000000          1.046236   
14                7.290187                 0.000000          1.099808   
15                8.205362                 0.000000          1.062583   

   Chỉ tiêu định giá                                                          \
                 P/B Vốn hóa (Tỷ đồng) Số CP lưu hành (Triệu CP)         P/E   
0           0.478691      246470000000                  50300000  149.650650   
1           0.607634      311860000000                  50300000  -16.757484   
2           0.510711      271620000000                  50300000   30.315478   
3           1.742227      910430000000                  50300000   87.728988   
4           1.070445      548270000000                  50300000   -6.861482   
5           0.925984      548270000000                  50300000   12.185741   
6           1.002135      548270000000                  50300000   36.240311   
7           1.030635      548270000000                  50300000  110.676254   
8           1.040323      548270000000                  50300000   78.574235   
9           1.054281      548270000000                  50300000   60.214966   
10          1.073069      548270000000                  50300000  704.567776   
11          1.074706      548270000000                  50300000 -459.716062   
12          1.072200      548270000000                  50300000  437.817614   
13          1.074803      548270000000                  50300000   37.932088   
14          0.992867      398940000000                  36600000    5.948329   
15          1.074960      183120000000                  16800000  240.249601   

                                                                  
          P/S P/Cash Flow    EPS (VND)    BVPS (VND)   EV/EBITDA  
0    5.797924   12.072853    32.742925  10236.253834  141.310940  
1    8.983655  -17.507969  -369.983943  10203.510909  -17.554791  
2    7.376523  -72.465077   178.126828  10573.494852   23.244372  
3   26.740168    0.000000   212.684181  10389.001051   78.653361  
4   20.310096    6.067644 -1588.578114  10182.683842   -6.719323  
5    5.979426   -5.653416   894.488080  11771.261956   11.244961  
6    8.834818   11.195699   300.770044  10876.773876   25.548809  
7   14.365377   22.999306    98.485444  10576.003832   91.148676  
8   13.498788    4.486353   138.722317  10477.518388   70.135528  
9    8.891174   -3.363817   181.018120  10338.796071   51.394370  
10  26.403727  -10.579432    15.470478  10157.777951  304.333104  
11  16.566251  -81.737434   -23.710287  10142.307473  318.005621  
12  12.977019  -18.938707    24.896212  10166.017761  112.261349  
13   4.893910  -25.177332   287.355652  10141.391927   19.141219  
14   4.099797    7.738489  1832.447408  10978.306684    4.578659  
15   9.259344   -2.348222    45.369482  10139.907713 -330.569115  
