     CP   Năm  Hàng tồn kho ròng  Tài sản lưu động khác  Tài sản dài hạn khác  \
0   DHB  2023       606416719831            17903674887          658732152102   
1   DHB  2022       847359770492             4405272068          761961985548   
2   DHB  2021       526784187160             6644663807          906668825023   
3   DHB  2020       533315895917             6396510759         1076115725755   
4   DHB  2019       500486905821             4617158496         1237163972273   
5   DHB  2018       205555985364             5708843117          931773890086   
6   DHB  2017       227111121519             4121864036          623291699656   
7   DHB  2016       382322842268             1655702297          244217443133   
8   DHB  2015       458335862570            17696545940          192549769126   
9   DHB  2014       329957022733            81404366063            4866711540   
10  DHB  2013       445774881006            44195312263           11754392373   

    Các quỹ khác  Các quỹ khác  Các quỹ khác  Các quỹ khác  \
0              0             0             0             0   
1              0             0             0             0   
2              0             0             0             0   
3              0             0             0             0   
4              0             0             0             0   
5              0             0             0             0   
6       66772197             0      66772197             0   
7       36892197             0      36892197             0   
8       24444000             0      24444000             0   
9              0             0             0             0   
10             0    2183528080             0    2183528080   

    LỢI ÍCH CỦA CỔ ĐÔNG THIỂU SỐ  Chứng khoán đầu tư giữ đến ngày đáo hạn  \
0                              0                              18000000000   
1                              0                              33000000000   
2                    33956602266                              18000000000   
3                    35536844546                               8000000000   
4                    35548719729                               8000000000   
5                    39598063585                                        0   
6                    30751513805                                        0   
7                    28152913464                                        0   
8                    26465826718                                        0   
9                              0                                        0   
10                             0                                        0   

    Đầu tư vào công ty liên doanh  Tài sản cố định hữu hình  \
0                      9662812368             4062847912136   
1                      9662812368             4593924337101   
2                     15861640065             5227424608045   
3                     17787190069             5782114047242   
4                     14206365943             6394939944581   
5                     17155427017             7014087400968   
6                     18538749903             7635870982159   
7                     17997281785             9008590350682   
8                     18715512117             8999334451416   
9                     12398078574              241417034015   
10                     3561461143              238569012264   

    Tài sản cố định vô hình  Chênh lệch đánh giá lại tài sản  \
0                1235084671                                0   
1                2529314203                                0   
2                3823543735                       6018633885   
3                5117773267                       6018633885   
4                6412002799                       6018633885   
5                7706232331                       6018633885   
6                9000461863                       6018633885   
7               10294691395                       6018633885   
8                         0                       6018633885   
9                         0                                0   
10               1448614445                                0   

    TÀI SẢN NGẮN HẠN (Tỷ đồng)  Tiền và tương đương tiền (Tỷ đồng)  \
0                1197217623498                        321675669771   
1                1396674986561                        207176087962   
2                1063367491340                        301435959757   
3                 927173829309                        221320856530   
4                 862086659397                        182590074882   
5                 813161417354                        258968916818   
6                1352022485433                        236585903071   
7                 557693022153                         32783172641   
8                 892417405279                        115058037865   
9                1261577935833                        652730541935   
10               1570713557911                       1001447895328   

    Giá trị thuần đầu tư ngắn hạn (Tỷ đồng)  \
0                               18000000000   
1                               33000000000   
2                               18000000000   
3                                8000000000   
4                                8000000000   
5                                         0   
6                                         0   
7                                         0   
8                                         0   
9                               10811111111   
10                              10000000000   

    Các khoản phải thu ngắn hạn (Tỷ đồng)  \
0                            233221559009   
1                            304733856039   
2                            210502680616   
3                            158140566103   
4                            166392520198   
5                            342927672055   
6                            884203596807   
7                            140931304947   
8                            301326958904   
9                            186674893991   
10                            69295469314   

    Trả trước cho người bán ngắn hạn (Tỷ đồng)  Hàng tồn kho, ròng (Tỷ đồng)  \
0                                  18432123924                  606416719831   
1                                   4620803888                  847359770492   
2                                  38898900238                  526784187160   
3                                  15179116975                  533315895917   
4                                  13060365968                  500486905821   
5                                   7466537573                  205555985364   
6                                   4141807362                  227111121519   
7                                   8321985179                  382322842268   
8                                  15557054650                  458335862570   
9                                   9275385883                  329957022733   
10                                 33786076973                  445774881006   

    Tài sản lưu động khác (Tỷ đồng)  TÀI SẢN DÀI HẠN (Tỷ đồng)  \
0                                 0              5548647382535   
1                                 0              6184767763329   
2                                 0              6965895427860   
3                                 0              7693357538890   
4                                 0              8481829263762   
5                                 0              8783082675592   
6                                 0              8357083994332   
7                                 0              9351491337928   
8                                 0              9291657651656   
9                         145221120              8455556251536   
10                        233561800              6794324058473   

    TỔNG CỘNG NGUỒN VỐN (Tỷ đồng)  Lãi chưa phân phối (Tỷ đồng)  \
0                   6745865006033                -2110393137744   
1                   7581442749890                -2974183682269   
2                   8029262919200                -4745564333744   
3                   8620531368199                -4747011160298   
4                   9343915923159                -3284320632573   
5                   9596244092946                -2642731716458   
6                   9709106479765                -2331148228649   
7                   9909184360081                -1720874648315   
8                  10184075056935                 -675268242371   
9                   9717134187369                   32258704990   
10                  8365037616384                   -3666865671   

    Quỹ đầu tư và phát triển (Tỷ đồng)  Cổ phiếu phổ thông (Tỷ đồng)  \
0                                    0                 2722000000000   
1                                    0                 2722000000000   
2                           6059551063                 2722000000000   
3                           6059551063                 2722000000000   
4                           5481025479                 2722000000000   
5                           3551591133                 2722000000000   
6                           5273890339                 2722000000000   
7                           4345959199                 2722000000000   
8                           4693430466                 2722000000000   
9                           2823754848                 2188000000000   
10                        890190909616                 1113580694225   

    Vốn góp của chủ sở hữu (Tỷ đồng)  Vốn và các quỹ (Tỷ đồng)  \
0                      2722000000000              611606862256   
1                      2722000000000             -252183682269   
2                      2722000000000            -1977529546530   
3                      2722000000000            -1977396130804   
4                      2722000000000             -515272253480   
5                      2722000000000              128436572145   
6                      2722000000000              432962581577   
7                      2722000000000             1039679750430   
8                      2722000000000             2084138063298   
9                      2188000000000             2223082459838   
10                     1113580694225             2003176170260   

    VỐN CHỦ SỞ HỮU (Tỷ đồng)  Vay và nợ thuê tài chính dài hạn (Tỷ đồng)  \
0               611606862256                               2515074490000   
1              -252183682269                               1484944144158   
2             -1977529546530                               3239078449249   
3             -1977396130804                               4763388035998   
4              -515272253480                               5626593633727   
5               128436572145                               6556977231944   
6               432962581577                               7373029014264   
7              1039679750430                               7439932501523   
8              2084138063298                               6206149778260   
9              2223082459838                               6205495506851   
10             2003176170260                               5527235037915   

    Nợ dài hạn (Tỷ đồng)  Người mua trả tiền trước ngắn hạn (Tỷ đồng)  \
0          5053493570194                                   9071721825   
1          1579352954953                                   3636083024   
2          3311341025398                                 103775132913   
3          4862651059570                                  67044878654   
4          5711972545655                                   2542040291   
5          6631697080004                                   4090577567   
6          7447380167249                                  85241263171   
7          7512737589158                                  12219964912   
8          6272287675295                                   2873580840   
9          6298213266311                                   2857199304   
10         5664437907121                                  26528464216   

    Vay và nợ thuê tài chính ngắn hạn (Tỷ đồng)  Nợ ngắn hạn (Tỷ đồng)  \
0                                  374004949047          1080764573583   
1                                 1749831399936          6254273477206   
2                                 2795630510289          6695451440332   
3                                 2545871470766          5735276439433   
4                                 1860689725242          4147215630984   
5                                 1148898403945          2836110440797   
6                                  658914515150          1828763730939   
7                                  643704889158          1356767020493   
8                                 1281116219440          1827649318342   
9                                  559684646720          1166031859147   
10                                  63153119661           667794458832   

    NỢ PHẢI TRẢ (Tỷ đồng)  TỔNG CỘNG TÀI SẢN (Tỷ đồng)  \
0           6134258143777                6745865006033   
1           7833626432159                7581442749890   
2          10006792465730                8029262919200   
3          10597927499003                8620531368199   
4           9859188176639                9343915923159   
5           9467807520801                9596244092946   
6           9276143898188                9709106479765   
7           8869504609651                9909184360081   
8           8099936993637               10184075056935   
9           7464245125458                9717134187369   
10          6332232365953                8365037616384   

    Trả trước dài hạn (Tỷ đồng)  Tài sản dài hạn khác (Tỷ đồng)  \
0                  658732152102                      3556066097   
1                  761961985548                      3556066097   
2                  906668825023                               0   
3                 1076115725755                               0   
4                 1237163972273                               0   
5                  931773890086                               0   
6                  623291699656                               0   
7                  244217443133                               0   
8                  192549769126                               0   
9                    4866711540                               0   
10                   8814838048                     23528500000   

    Đầu tư dài hạn (Tỷ đồng)  Tài sản cố định (Tỷ đồng)  \
0                13218878465              4064082996807   
1                13218878465              4596453651304   
2                15861640065              5231248151780   
3                17787190069              5787231820509   
4                14206365943              6401351947380   
5                17155427017              7021793633299   
6                18538749903              7644871444022   
7                17997281785              9018885042077   
8                18715512117              8999334451416   
9                12398078574              8438291461422   
10               27089961143              6755479704957   

    Phải thu dài hạn khác (Tỷ đồng)  Phải thu dài hạn (Tỷ đồng)  
0                      740804017963                740804017963  
1                      740804017963                740804017963  
2                      740804017963                740804017963  
3                      740804017963                740804017963  
4                      740804017963                740804017963  
5                      742094631989                742094631989  
6                                 0                   134000000  
7                         134000000                   134000000  
8                         134000000                   134000000  
9                                 0                           0  
10                                0                           0  
     CP   Năm  Cổ đông thiểu số  Cổ đông thiểu số  Cổ đông thiểu số  \
0   DHB  2023                 0                 0                 0   
1   DHB  2022                 0                 0                 0   
2   DHB  2021                 0       -1311345641                 0   
3   DHB  2020                 0         562849551                 0   
4   DHB  2019                 0        1058621097                 0   
5   DHB  2018                 0        7135304706                 0   
6   DHB  2017                 0        2598600341                 0   
7   DHB  2016                 0        1453218765                 0   
8   DHB  2015                 0       -3340775355                 0   
9   DHB  2014       29806602073         323383116       29806602073   
10  DHB  2013       29629080171       -2090568499       29629080171   

    Cổ đông thiểu số  Lãi/Lỗ ròng trước thuế  Tăng trưởng doanh thu (%)  \
0                  0            858284451090                  -0.314787   
1                  0           1779146378928                   0.431791   
2        -1311345641               625311774                   0.612337   
3          562849551          -1460226097134                  -0.041043   
4         1058621097           -635554280775                  -0.097199   
5         7135304706           -298366486932                   0.262462   
6         2598600341           -606215787152                   0.183436   
7         1453218765          -1040762551754                   0.073031   
8        -3340775355           -668739300547                   0.083711   
9          323383116            136622821424                  -0.004808   
10       -2090568499            293503040276                   0.000000   

    Doanh thu (Tỷ đồng)  Lợi nhuận sau thuế của Cổ đông công ty mẹ (Tỷ đồng)  \
0         4413475970445                                       858284451090     
1         6441029337434                                      1779146378928     
2         4498581705064                                         1936657415     
3         2790099907239                                     -1461065112716     
4         2909515763798                                      -638094268440     
5         3222765815352                                      -312567405167     
6         2552762534375                                      -608814387493     
7         2157077187332                                     -1042215770520     
8         2010266174670                                      -676432285763     
9         1854984014937                                       105860886701     
10        1863945318319                                       221776488267     

    Tăng trưởng lợi nhuận (%)  Thu nhập tài chính  Thu nhập tài chính  \
0                   -0.517586         12246233322         12246233322   
1                  917.668612         39922127052         39922127052   
2                    1.001326         35943825567         35943825567   
3                   -1.289732          7664946861          7664946861   
4                   -1.041461         63510760007         63510760007   
5                    0.486597         30076174282         30076174282   
6                    0.415846         63391123781         63391123781   
7                   -0.540754         35114729551         35114729551   
8                   -7.389823         18650289681         18650289681   
9                   -0.522669         69091276623         69091276623   
10                   0.000000        107909386393        107909386393   

    Chi phí tiền lãi vay  Chi phí tiền lãi vay  Doanh thu thuần  \
0          -642445738924         -642445738924    4413475970445   
1          -757358055833         -757358055833    6441029337434   
2          -979021917689         -979021917689    4498581705064   
3          -950576761102         -950576761102    2790090363889   
4          -840107150933         -840107150933    2909402038798   
5          -739316940092         -739316940092    3222620080152   
6          -716197703127         -716197703127    2541234117090   
7          -671259021385         -671259021385    2157077187332   
8          -448123859842         -448123859842    2010266174670   
9           -16278265346          -16278265346    1854984014937   
10           -7306716362           -7306716362    1863945318319   

    Doanh thu thuần        Lãi gộp        Lãi gộp  Chi phí tài chính  \
0     4413475970445   -15271734596   -15271734596      -690364050440   
1     6441029337434  2834610198200  2834610198200      -832085820803   
2     4498581705064  1189488818832  1189488818832      -980257601888   
3     2790090363889  -294792071335  -294792071335      -951424879154   
4     2909402038798   340845835448   340845835448      -867485128561   
5     3222620080152   664884221907   664884221907      -826426556615   
6     2541234117090   208888259593   208888259593      -727662640306   
7     2157077187332  -158367337355  -158367337355      -746072180574   
8     2010266174670    88542790611    88542790611      -654005868936   
9     1854984014937   220027223627   220027223627       -75900695401   
10    1863945318319   341379726603   341379726603       -33263901738   

    Chi phí tài chính  Chi phí quản lý DN  Chi phí quản lý DN  \
0       -690364050440       -156638227377       -156638227377   
1       -832085820803       -151987277830       -151987277830   
2       -980257601888       -132955643271       -132955643271   
3       -951424879154       -127688710566       -127688710566   
4       -867485128561        -97953129807        -97953129807   
5       -826426556615        -95014507447        -95014507447   
6       -727662640306        -85807900023        -85807900023   
7       -746072180574       -127093855196       -127093855196   
8       -654005868936       -102125853290       -102125853290   
9        -75900695401       -110665079448       -110665079448   
10       -33263901738       -106029464093       -106029464093   

    Lãi/Lỗ từ hoạt động kinh doanh  Lãi/Lỗ từ hoạt động kinh doanh  \
0                    -944796023122                   -944796023122   
1                    1776456133887                   1776456133887   
2                      -2545028644                     -2545028644   
3                   -1461147324828                  -1461147324828   
4                    -638072986533                   -638072986533   
5                    -302095822533                   -302095822533   
6                    -606557812299                   -606557812299   
7                   -1038589026825                  -1038589026825   
8                    -710572017654                   -710572017654   
9                      76148240559                     76148240559   
10                    291520819028                    291520819028   

    Lãi lỗ trong công ty liên doanh, liên kết  Thu nhập/Chi phí khác  \
0                                           0             -764790819   
1                                           0              -93374697   
2                                           0            -1435791707   
3                                           0            -2664676847   
4                                           0            -1548835143   
5                                           0            -1739840460   
6                                           0            -1438664910   
7                                           0            -4466508035   
8                                           0            -3469170276   
9                                  1526018574           -33908512569   
10                                 1509461143            -6820350655   

    Giá vốn hàng bán  Chi phí bán hàng  Chi phí bán hàng  \
0     -4428747705041      -94768244031      -94768244031   
1     -3606419139234     -114003092732     -114003092732   
2     -3309092886232     -112838877880     -112838877880   
3     -3084882435224      -98487434760      -98487434760   
4     -2568556203350      -78700971951      -78700971951   
5     -2557735858245      -74678185136      -74678185136   
6     -2332345857497      -66409505163      -66409505163   
7     -2315444524687      -45807803533      -45807803533   
8     -1921723384059      -61020449536      -61020449536   
9     -1634956791310      -26404484842      -26404484842   
10    -1522565591716      -18474928137      -18474928137   

    Doanh thu bán hàng và cung cấp dịch vụ  Các khoản giảm trừ doanh thu  \
0                            4413475970445                             0   
1                            6441029337434                             0   
2                            4498581705064                             0   
3                            2790099907239                      -9543350   
4                            2909515763798                    -113725000   
5                            3222765815352                    -145735200   
6                            2552762534375                  -11528417285   
7                            2157077187332                             0   
8                            2010266174670                             0   
9                            1854984014937                             0   
10                           1863945318319                             0   

    Lãi/lỗ từ công ty liên doanh  Thu nhập khác  Lợi nhuận khác  \
0                              0  1803845265031   1803080474212   
1                              0     2783619738      2690245041   
2                    -1925550004     4606132125      3170340418   
3                     3580824126     3585856700       921179853   
4                     1709648331     4067540901      2518705758   
5                     -936969524     4116731670      2376891210   
6                     1042849819     1780690057       342025147   
7                     3637420282     2292983105     -2173524930   
8                     -612926184    45301887383     41832717107   
9                              0    92857074860     58948562291   
10                             0     7293110760       472760105   

    LN trước thuế    Thuế TNDN  Chi phí thuế TNDN hiện hành  \
0    858284451090            0                            0   
1   1779146378928            0                            0   
2       625311774            0                            0   
3  -1460226144975   -276118190                   -276118190   
4   -635554280775  -1481366568                  -1481366568   
5   -299718931323  -5713169138                  -5713169138   
6   -606215787152            0                            0   
7  -1040762551755            0                            0   
8   -668739300547 -11033760571                 -11033760571   
9    136622821424 -30438551607                 -27498997282   
10   293503040276 -73817120508                 -73327194788   

    Chi phí thuế TNDN hoãn lại  Lợi nhuận thuần  Cổ đông của Công ty mẹ  \
0                            0     858284451090            858284451090   
1                            0    1779146378928           1779146378928   
2                            0        625311774              1936657415   
3                            0   -1460502263165          -1461065112716   
4                            0    -637035647343           -638094268440   
5                            0    -305432100461           -312567405167   
6                            0    -606215787152           -608814387493   
7                            0   -1040762551755          -1042215770520   
8                            0    -679773061118           -676432285763   
9                  -2939554325     106184269817            105860886701   
10                  -489925720     219685919768            221776488267   

    Lãi cơ bản trên cổ phiếu  
0                       3153  
1                       6536  
2                          7  
3                      -5368  
4                      -2344  
5                      -1177  
6                      -2237  
7                      -3829  
8                          0  
9                          0  
10                         0  
     CP   Năm  Tiền và tương đương tiền  \
0   DHB  2023              207176087962   
1   DHB  2022              288200444662   
2   DHB  2021              221320856530   
3   DHB  2020              182590074882   
4   DHB  2019              258968916818   
5   DHB  2018              236585903071   
6   DHB  2017               32783172641   
7   DHB  2016              115058037865   
8   DHB  2015              647943997112   
9   DHB  2014             1001447895328   
10  DHB  2013             1432444224800   

    Lãi/Lỗ chênh lệch tỷ giá chưa thực hiện  Lãi/Lỗ từ hoạt động đầu tư  \
0                               47558939282                 -8983445949   
1                               62479701431                -32787007682   
2                               24051007161                 -7466378461   
3                               -1817837466                 -8667042270   
4                                -214134591                -39693941561   
5                               66108414052                -10194325255   
6                              -49283285219                 -4658815723   
7                               40342369239                 -4480551740   
8                              197132545206                -16565552450   
9                               44191771770                -39651750764   
10                              25951816376                -57965614822   

    Thu nhập lãi  Thu lãi và cổ tức  Tăng/Giảm các khoản phải thu  \
0   642445738924                  0                   59200704924   
1   757358055833                  0                  -97079596381   
2   979021917689                  0                  -56303664264   
3   950576761102                  0                    5550723107   
4   840107150933                  0                  178404864978   
5   739316940092                  0                 -189293663596   
6   716197703127                  0                   41798751610   
7   671259021385                  0                  167339683368   
8   448123859842       -34232754427                  -51268340644   
9    16278265346                  0                 -154585509310   
10    7306716362                  0                  261866745685   

    Tăng/Giảm các khoản phải thu  Tăng/Giảm hàng tồn kho  \
0                    59200704924            240943050661   
1                   -97079596381           -327774935333   
2                   -56303664264              6531708757   
3                     5550723107            -38084146389   
4                   178404864978           -294930920457   
5                  -189293663596             21555136155   
6                    41798751610            155211720749   
7                   167339683368             76013020302   
8                   -51268340644           -137067834278   
9                  -154585509310            115817858273   
10                  261866745685             17517210479   

    Tăng/Giảm các khoản phải trả  Tăng/Giảm các khoản phải trả  \
0                 -1760922188908                -1760922188908   
1                    76713148950                   76713148950   
2                  -111031300500                 -111031300500   
3                   175571564445                  175571564445   
4                    -1954196905                   -1954196905   
5                   -33839601139                  -33839601139   
6                   -29161499574                  -29161499574   
7                    34840976390                   34840976390   
8                    93693562312                   93693562312   
9                   -43950348737                  -43950348737   
10                  487520827211                  487520827211   

    Tăng/Giảm chi phí trả trước  Chi phí lãi vay đã trả  \
0                   17849618387           -233668733275   
1                   54108011753           -209664630482   
2                   25997172094           -178738620592   
3                   38466233879           -204842878031   
4                    -128253909           -220946207852   
5                   -1488703569           -195636960393   
6                   22345191250           -225636098501   
7                   15276572137           -511442652083   
8                   -1736581593           -445612232486   
9                    3945157341           -500111387962   
10                  -5721984861           -238587462039   

    Tiền thu nhập doanh nghiệp đã trả  \
0                                   0   
1                                   0   
2                                   0   
3                         -1681366568   
4                         -6570295325   
5                          -500000000   
6                                   0   
7                        -11033760571   
8                        -12189029054   
9                        -29134918074   
10                       -94014650375   

    Tiền thu khác từ các hoạt động kinh doanh  \
0                                           0   
1                                           0   
2                                           0   
3                                           0   
4                                           0   
5                                           0   
6                                   137460400   
7                                     5573610   
8                                 54029241978   
9                                 17238935691   
10                                 8825438048   

    Tiền chi khác từ các hoạt động kinh doanh  \
0                                           0   
1                                           0   
2                                  -802091600   
3                                 -1510403000   
4                                 -2088350000   
5                                 -2011369550   
6                                 -3193702500   
7                                -10432724498   
8                                -61906479248   
9                                -50935248042   
10                               -59300177113   

    Lưu chuyển tiền tệ ròng từ các hoạt động SXKD  \
0                                    487475523299   
1                                   2687229073609   
2                                   1379366874823   
3                                    210066885309   
4                                    130424731901   
5                                    416323779377   
6                                    299944544224   
7                                    119175730500   
8                                   -218525926857   
9                                   -447731108227   
10                                   689511704664   

    Tiền thu được từ thanh lý tài sản cố định  \
0                                           0   
1                                   233090909   
2                                   110100001   
3                                           0   
4                                           0   
5                                           0   
6                                           0   
7                                           0   
8                                   227545455   
9                                           0   
10                                  597230181   

    Đầu tư vào các doanh nghiệp khác  \
0                                  0   
1                                  0   
2                       -10000000000   
3                                  0   
4                                  0   
5                                  0   
6                                  0   
7                                  0   
8                                  0   
9                                  0   
10                                 0   

    Tiền thu từ việc bán các khoản đầu tư vào doanh nghiệp khác  \
0                                                   0             
1                                         71010843550             
2                                                   0             
3                                                   0             
4                                         36872050000             
5                                                   0             
6                                                   0             
7                                                   0             
8                                                   0             
9                                         25345145103             
10                                                  0             

    Tiền thu được các khoản đi vay  Tiền trả các khoản đi vay  Cổ tức đã trả  \
0                    1650153340205             -2035282588604              0   
1                     763014587804             -3588821044159              0   
2                    1437408299661             -2734548643008    -1179451800   
3                    1145200000000             -1321506818341     -182303800   
4                     844377003962             -1062756278658    -4465500000   
5                    1224982866627             -1624885740911       -7043040   
6                    1457676184000             -1503391171990       -1923600   
7                    2100812313246             -1505350864724        -211200   
8                    1928918805446             -1383869701024    -5910856377   
9                    1288435350066              -113643354071              0   
10                   4150753736152              -111304583922  -181208022600   

    Lưu chuyển tiền thuần trong kỳ  Ảnh hưởng của chênh lệch tỷ giá  \
0                     116359701229                      -1860119420   
1                     -77849360139                      -3174996561   
2                      80006339277                        108763950   
3                      38740677410                         -9895762   
4                     -76379974303                          1132367   
5                      22349828201                         33185546   
6                     203805813254                         -3082824   
7                     -82300765301                         25900078   
8                    -532942024217                         56064970   
9                    -348751676818                         34323425   
10                   -431150801088                        154471616   

    Tiền và tương đương tiền cuối kỳ  Khấu hao TSCĐ  Dự phòng RR tín dụng  \
0                       321675669771   624767388163                     0   
1                       207176087962   624729946592                     0   
2                       301435959757   697481812765                     0   
3                       221320856530   756731373634                     0   
4                       182590074882   317069758213                     0   
5                       258968916818   320540399512             134000000   
6                       236585903071   282402905757                     0   
7                        32783172642   687040417653            5210337062   
8                       115058037865   417812968532                     0   
9                       652730541935    36286537226             256707591   
10                     1001447895328    42609799437                     0   

    Lưu chuyển tiền thuần từ HĐKD trước thay đổi VLĐ   Mua sắm TSCĐ  \
0                                      2164073071510    -9724189483   
1                                      3190927075102    -1463764545   
2                                      1693713670928              0   
3                                       236597157866              0   
4                                       478638091371   -18732867002   
5                                       817538941469    -5002814616   
6                                       338442720790   -53513167206   
7                                       358609041845  -801401106915   
8                                       343531766156  -880442260136   
9                                       193984352593 -1488576626109   
10                                      311405757629 -5076953356554   

    Tiền thu cổ tức và lợi nhuận được chia  Lưu chuyển từ hoạt động đầu tư  \
0                               8737615812                     14013426329   
1                               5947852693                     60728022607   
2                               8849159600                     -1040740399   
3                               5162914242                      5162914242   
4                               5900885494                     16040068492   
5                              10938780764                      5935966148   
6                               3091347826                    -50421819380   
7                               4463373792                   -796937733123   
8                              15849258165                   -853554345405   
9                              47415413934                  -1110816067072   
10                            105122490991                  -4981233635382   

    Tăng vốn cổ phần từ góp vốn và/hoặc phát hành cổ phiếu  \
0                                                   0        
1                                                   0        
2                                                   0        
3                                                   0        
4                                                   0        
5                                                   0        
6                                                   0        
7                                                   0        
8                                                   0        
9                                         35003502486        
10                                         2330000000        

    Lưu chuyển tiền từ hoạt động tài chính  \
0                            -385129248399   
1                           -2825806456355   
2                           -1298319795147   
3                            -176489122141   
4                            -222844774696   
5                            -399909917324   
6                             -45716911590   
7                             595461237322   
8                             539138248045   
9                            1209795498481   
10                           3860571129630   

    Tiền thu hồi cho vay, bán lại các công cụ nợ của đơn vị khác (Tỷ đồng)  \
0                                         15000000000                        
1                                                   0                        
2                                                   0                        
3                                                   0                        
4                                                   0                        
5                                                   0                        
6                                                   0                        
7                                                   0                        
8                                         10811111111                        
9                                        305068000000                        
10                                       308000000000                        

    Tiền chi cho vay, mua công cụ nợ của đơn vị khác (Tỷ đồng)  
0                                                   0           
1                                        -15000000000           
2                                                   0           
3                                                   0           
4                                         -8000000000           
5                                                   0           
6                                                   0           
7                                                   0           
8                                                   0           
9                                           -68000000           
10                                      -318000000000           
   Meta          Chỉ tiêu định giá                    \
     CP   Năm Kỳ               P/B Vốn hóa (Tỷ đồng)   
0   DHB  2023  5          3.693974     2259260000000   
1   DHB  2022  5          0.000000     2681714400000   
2   DHB  2021  5          0.000000     2837957200000   
3   DHB  2020  5          0.000000     2776440000000   
4   DHB  2019  5          0.000000     1361000000000   
5   DHB  2018  5         15.319933     1361000000000   
6   DHB  2017  5          3.383795     1361000000000   
7   DHB  2016  5          1.345491     1361000000000   
8   DHB  2015  5          0.661427     1361000000000   
9   DHB  2014  5          0.492110     1094000000000   
10  DHB  2013  5          0.277954      556790347113   

                                                                              \
   Số CP lưu hành (Triệu CP)          P/E       P/S P/Cash Flow    EPS (VND)   
0                  272200000     2.632297  0.511900    4.634612  3153.139056   
1                  272200000     1.507304  0.416349    0.997948  6536.173324   
2                  272200000  1465.389376  0.630856    2.057435     7.114833   
3                  272200000    -1.900285  0.995108   13.216933 -5367.616138   
4                  272200000    -2.132914  0.467794   10.435137 -2344.211126   
5                  272200000    -4.354261  0.422327    3.269090 -1148.300533   
6                  272200000    -2.235493  0.535567    4.537505 -2236.643598   
7                  272200000    -1.305872  0.630946   11.420110 -3828.860288   
8                  272200000    -2.012027  0.677025   -6.228094 -2485.056156   
9                  218800000    10.334317  0.589762   -2.443431   483.824894   
10                 111358069     2.510592  0.298716    0.807514  1991.561907   

                            Chỉ tiêu khả năng sinh lợi  \
      BVPS (VND)  EV/EBITDA     Biên lợi nhuận gộp (%)   
0    2246.902506  13.478943                  -0.003460   
1       0.000000   1.787876                   0.440087   
2       0.000000   5.222615                   0.264414   
3       0.000000  41.840204                  -0.105657   
4       0.000000  18.006205                   0.117153   
5     326.372184  10.797551                   0.206318   
6    1477.630668  27.004029                   0.082200   
7    3716.116227  26.454779                  -0.073418   
8    7559.413066  25.445709                   0.044045   
9   10160.340310  60.684347                   0.118614   
10  17988.603616  19.944725                   0.183149   

                                                                        \
   Biên lợi nhuận ròng (%)   ROE (%)  ROIC (%)   ROA (%) Biên EBIT (%)   
0                 0.194469  4.775899 -0.076179  0.119811     -0.060424   
1                 0.276221 -1.571913  0.861204  0.227939      0.398790   
2                 0.000431 -0.000979  0.232599  0.000233      0.209776   
3                -0.523662  1.172290 -0.097708 -0.162662     -0.186721   
4                -0.219321  3.299046  0.023550 -0.067380      0.056435   
5                -0.096992 -1.113530  0.063208 -0.032381      0.153661   
6                -0.239574 -0.826833  0.006695 -0.062066      0.022301   
7                -0.483161 -0.667271 -0.036310 -0.103738     -0.153573   
8                -0.336489 -0.314092 -0.007794 -0.067979     -0.037111   
9                 0.057068  0.050097  0.009230  0.011709      0.044721   
10                0.118982  0.104908  0.028560  0.035643      0.116353   

                                          Chỉ tiêu thanh khoản  \
   EBITDA (Tỷ đồng) EBIT (Tỷ đồng) Chỉ số thanh toán hiện thời   
0      358089182159  -266678206004                    1.107751   
1     3193349774230  2568619827638                    0.223315   
2     1641176110446   943694297681                    0.158819   
3      235763156973  -520968216661                    0.161662   
4      481261491903   164191733690                    0.207871   
5      815731928836   495191529324                    0.286717   
6      339073760164    56670854407                    0.739310   
7      355771421569  -331268996084                    0.411046   
8      343209456317   -74603512215                    0.488287   
9      119244196563    82957659337                    1.081941   
10     259485133810   216875334373                    2.352091   

                                                       \
   Chỉ số thanh toán tiền mặt Chỉ số thanh toán nhanh   
0                    0.297637                0.513430   
1                    0.033126                0.081850   
2                    0.045021                0.076461   
3                    0.038589                0.066163   
4                    0.044027                0.084149   
5                    0.091311                0.212226   
6                    0.129369                0.612867   
7                    0.024163                0.128036   
8                    0.062954                0.227825   
9                    0.569060                0.729154   
10                   1.514610                1.618377   

                                              Chỉ tiêu hiệu quả hoạt động  \
   Khả năng chi trả lãi vay Đòn bẩy tài chính           Vòng quay tài sản   
0                  0.415098         11.029741                    0.616093   
1                 -3.391553        -30.063177                    0.825207   
2                 -0.963915         -4.060249                    0.540377   
3                  0.548055         -4.359537                    0.310624   
4                 -0.195441        -18.133940                    0.307220   
5                 -0.669796         74.715822                    0.333858   
6                 -0.079127         22.424817                    0.259068   
7                  0.493504          9.530997                    0.214707   
8                  0.166480          4.886469                    0.202025   
9                 -5.096222          4.371018                    0.205173   
10               -29.681641          4.175887                    0.299565   

                                                                        \
   Vòng quay TSCĐ Số ngày thu tiền bình quân Số ngày tồn kho bình quân   
0        1.019215                  20.074788                 59.907276   
1        1.310791                  12.520771                 69.537473   
2        0.816552                  11.477930                 58.465650   
3        0.457820                  17.277938                 61.159223   
4        0.433490                  28.623714                 50.165469   
5        0.439448                  25.866079                 30.871736   
6        0.305001                  17.749945                 47.686623   
7        0.239433                  31.218302                 66.259507   
8        0.230566                  37.136644                 74.861685   
9        0.244177                  16.984247                 86.590100   
10       0.437134                  20.504814                108.963925   

                                                                    \
   Số ngày thanh toán bình quân Chu kỳ tiền Vòng quay hàng tồn kho   
0                     33.318565  113.300629               6.092749   
1                     36.531172  118.589415               5.248968   
2                     41.886010  111.829590               6.242982   
3                     46.149462  124.586622               5.968029   
4                     50.459749  129.248932               7.275921   
5                     48.060158  104.797974              11.823112   
6                     57.827213  123.263782               7.654138   
7                     61.399552  158.877361               5.508643   
8                     68.627004  180.625334               4.875658   
9                     68.672638  172.246985               4.215262   
10                    33.275026  162.743765               3.349733   

   Chỉ tiêu cơ cấu nguồn vốn                                                
            (Vay NH+DH)/VCSH    Nợ/VCSH TSCĐ / Vốn CSH Vốn CSH/Vốn điều lệ  
0                   8.835993  10.029741       6.644927            0.224690  
1                 -18.715405 -31.063177     -18.226610           -0.092646  
2                  -4.689582  -5.060249      -2.645345           -0.726499  
3                  -6.105326  -5.359537      -2.926693           -0.726450  
4                 -25.450385 -19.133940     -12.423242           -0.189299  
5                 111.049778  73.715822      54.671294            0.047185  
6                  35.580379  21.424817      17.657118            0.159060  
7                  14.931107   8.530997       8.674676            0.381954  
8                   6.570302   3.886469       4.318013            0.765664  
9                   5.834545   3.357611       3.795762            0.816709  
10                  5.549998   3.161096       3.372384            0.735921  
