     CP   Năm  Hàng tồn kho ròng  Tài sản lưu động khác  \
0   HAM  2023       163673141152            15542596874   
1   HAM  2022       134990745522            11512872402   
2   HAM  2021       303603034704            17909555824   
3   HAM  2020       219612137707            17494946827   
4   HAM  2019       181200156966            12896390930   
5   HAM  2018       121224184518            11144693043   
6   HAM  2017       245022521162            24842057984   
7   HAM  2016       113567319799             6781098606   
8   HAM  2015        43637495712             1433129448   
9   HAM  2014        52278115048             1102711701   
10  HAM  2013        61910043510             1990495933   

    Giá trị ròng tài sản đầu tư  Tài sản dài hạn khác  Các quỹ khác  \
0                    7638314100           11594112348             0   
1                    8071427966            6744263099             0   
2                    8504541835            8475619276             0   
3                    8937655702            9368079762             0   
4                    9376310709            9265529548             0   
5                             0           10282882657             0   
6                             0            8888559339             0   
7                             0             704441046     840769350   
8                             0            3592355511     728524143   
9                             0            2745680608     636529498   
10                            0            3329214947     532949041   

    Các quỹ khác  Các quỹ khác  Các quỹ khác  LỢI ÍCH CỦA CỔ ĐÔNG THIỂU SỐ  \
0              0             0             0                   32564460657   
1              0             0             0                   28172893771   
2              0             0             0                   27307247219   
3              0             0             0                   27118318828   
4              0             0             0                   43473934216   
5              0             0             0                   33977565851   
6              0             0             0                   31546001312   
7     2000000000     840769350    2000000000                             0   
8     2000000000     728524143    2000000000                             0   
9     2000000000     636529498    2000000000                             0   
10    2000000000     532949041    2000000000                             0   

    Chứng khoán đầu tư giữ đến ngày đáo hạn  Đầu tư vào công ty liên doanh  \
0                               91349500000                              0   
1                               69710000000                              0   
2                               61697713241                              0   
3                               27962935399                              0   
4                               19015000000                              0   
5                                4800000000                              0   
6                                         0                              0   
7                                         0                    23410600407   
8                                         0                    15526392422   
9                                         0                    13598294701   
10                                        0                    10119820490   

    Dự phòng giảm giá đầu tư dài hạn  Tài sản cố định hữu hình  \
0                                  0              205288739137   
1                                  0              217315785265   
2                                  0              241737706867   
3                                  0              222867991854   
4                                  0              183315527681   
5                                  0              179773802425   
6                                  0              166902466929   
7                                  0                8386546370   
8                                  0               11148765874   
9                        -2666009600                7088382791   
10                       -1927028800                5819329771   

    Tài sản cố định vô hình  TÀI SẢN NGẮN HẠN (Tỷ đồng)  \
0              111357300338                909781748876   
1              112819982740                817106878756   
2              114797948481                735544014873   
3              116250610018                740319539430   
4              117959431946                608947298818   
5              106294936571                419637205332   
6              106987350881                480813283114   
7               72058452358                249577773904   
8               72789453234                141159403004   
9               73520454113                144906412671   
10              74251454992                147626005278   

    Tiền và tương đương tiền (Tỷ đồng)  \
0                         243174377529   
1                         217564462393   
2                          86914791076   
3                          64100831670   
4                          71912130160   
5                          88542558847   
6                          36059376577   
7                          24890948222   
8                          16653027620   
9                          13898869604   
10                         10929069528   

    Giá trị thuần đầu tư ngắn hạn (Tỷ đồng)  \
0                               91349500000   
1                               69710000000   
2                               61697713241   
3                               27962935399   
4                               20355472000   
5                                6652085480   
6                                2741103200   
7                                1392033600   
8                                1099878400   
9                                         0   
10                                        0   

    Các khoản phải thu ngắn hạn (Tỷ đồng)  \
0                            396042133321   
1                            383328798439   
2                            265418920028   
3                            411148687827   
4                            322583148762   
5                            192073683444   
6                            172148224191   
7                            102946373677   
8                             78335871824   
9                             77626716318   
10                            72796396307   

    Trả trước cho người bán ngắn hạn (Tỷ đồng)  \
0                                  66894933269   
1                                 118467999579   
2                                  21935476075   
3                                 102568503015   
4                                  22381307456   
5                                  21178245228   
6                                  32491528394   
7                                  28743908213   
8                                  21913313743   
9                                   6613413080   
10                                  1393089206   

    Phải thu về cho vay ngắn hạn (Tỷ đồng)  Hàng tồn kho, ròng (Tỷ đồng)  \
0                                        0                  163673141152   
1                                        0                  134990745522   
2                              16000000000                  303603034704   
3                              83000000000                  219612137707   
4                              64181430400                  181200156966   
5                              18000000000                  121224184518   
6                                        0                  245059591367   
7                                        0                  113567319799   
8                                        0                   43637495712   
9                                        0                   52278115048   
10                                       0                   61910043510   

    Tài sản lưu động khác (Tỷ đồng)  TÀI SẢN DÀI HẠN (Tỷ đồng)  \
0                                 0               425972677625   
1                                 0               421401523898   
2                                 0               447589554916   
3                                 0               372653445011   
4                                 0               346128592775   
5                                 0               314530912684   
6                                 0               291757677261   
7                                 0               105031694606   
8                                 0               103214467041   
9                           2200000                98913513256   
10                         33539164                95702391400   

    TỔNG CỘNG NGUỒN VỐN (Tỷ đồng)  Lãi chưa phân phối (Tỷ đồng)  \
0                   1335754426501                  104008875937   
1                   1238508402654                   83856466049   
2                   1183133569789                   86983752323   
3                   1112972984441                   53405316163   
4                    955075891593                   34169232877   
5                    734168118016                   27950100307   
6                    772570960375                   31741406171   
7                    354609468510                   20737258916   
8                    244373870045                   19310158863   
9                    243819925927                   15429996247   
10                   243328396678                   16549051185   

    Quỹ đầu tư và phát triển (Tỷ đồng)  Cổ phiếu phổ thông (Tỷ đồng)  \
0                          20027951362                   96380610000   
1                          15092661021                   96380610000   
2                           1747511721                   93380610000   
3                          32874131721                   62253990000   
4                          27056321055                   62253990000   
5                          22565922444                   62253990000   
6                          16616580196                   62253990000   
7                           9187327880                   62253990000   
8                           6811293683                   62253990000   
9                           4623024266                   62253990000   
10                          2954993620                   62253990000   

    Vốn góp của chủ sở hữu (Tỷ đồng)  Vốn và các quỹ (Tỷ đồng)  \
0                        96380610000              253604397956   
1                        96380610000              224125130841   
2                        93380610000              210041621263   
3                        62253990000              176274256712   
4                        62253990000              167575978148   
5                        62253990000              147370078602   
6                        62253990000              132197977679   
7                        62253990000               85059346146   
8                        62253990000               91103966689   
9                        62253990000               86414764827   
10                       62253990000               85762208662   

    VỐN CHỦ SỞ HỮU (Tỷ đồng)  Vay và nợ thuê tài chính dài hạn (Tỷ đồng)  \
0               253604397956                                175603580407   
1               224125130841                                142067057225   
2               210041621263                                179001541226   
3               176274256712                                236060976323   
4               167575978148                                197285977410   
5               147370078602                                 97623584238   
6               132197977679                                 93137737432   
7                85059346146                                 22324606232   
8                91103966689                                           0   
9                86414764827                                           0   
10               85762208662                                  6000000000   

    Nợ dài hạn (Tỷ đồng)  Người mua trả tiền trước ngắn hạn (Tỷ đồng)  \
0           237316553210                                  12016023322   
1           193782062725                                  18686127036   
2           180267541226                                   5911921229   
3           237819721157                                   9729062691   
4           198489722244                                   8661476221   
5            99006572463                                   5404809525   
6            93467737432                                   4891106913   
7            22324606232                                   6468529618   
8                      0                                   2043440382   
9                      0                                   2329557897   
10            6000000000                                   2735318203   

    Vay và nợ thuê tài chính ngắn hạn (Tỷ đồng)  Nợ ngắn hạn (Tỷ đồng)  \
0                                  617765257957           844833475335   
1                                  583608895443           820601209088   
2                                  564414843777           792824407300   
3                                  458045508925           698879006572   
4                                  342244421621           589010191201   
5                                  273213241369           487791466951   
6                                  314435997938           546905245264   
7                                  144983859108           247225516132   
8                                   56504479012           153269903356   
9                                   58335187669           157405161100   
10                                  67756544472           151566188016   

    NỢ PHẢI TRẢ (Tỷ đồng)  TỔNG CỘNG TÀI SẢN (Tỷ đồng)  \
0           1082150028545                1335754426501   
1           1014383271813                1238508402654   
2            973091948526                1183133569789   
3            936698727729                1112972984441   
4            787499913445                 955075891593   
5            586798039414                 734168118016   
6            640372982696                 772570960375   
7            269550122364                 354609468510   
8            153269903356                 244373870045   
9            157405161100                 243819925927   
10           157566188016                 243328396678   

    Lợi thế thương mại (Tỷ đồng)  Trả trước dài hạn (Tỷ đồng)  \
0                     2195586439                   6436188790   
1                     2871151498                   2492577546   
2                     3546716557                   3888477062   
3                     4222281616                   4321613700   
4                     4897846675                   3587641585   
5                     5573411734                   4353401218   
6                     6248976793                   2508128346   
7                              0                    704441046   
8                              0                   3592355511   
9                              0                   2685680608   
10                             0                   3269214947   

    Tài sản dài hạn khác (Tỷ đồng)  Đầu tư dài hạn (Tỷ đồng)  \
0                                0                4500000000   
1                                0                4500000000   
2                                0                4500000000   
3                                0                4500000000   
4                                0                2000000000   
5                                0                         0   
6                                0                         0   
7                                0               23410600407   
8                                0               15526392422   
9                       4109600000               15041885101   
10                      4109600000               12302391690   

    Tài sản cố định (Tỷ đồng)  Phải thu dài hạn khác (Tỷ đồng)  \
0                316646039475                      21892210000   
1                330135768005                       9426560000   
2                356535655348                       6993030000   
3                339118601872                       4614170000   
4                301274959627                       6370050000   
5                286068738996                       5396860000   
6                273889817810                        322500000   
7                 80444998728                        157500000   
8                 83938219108                        157500000   
9                 81125947547                                0   
10                80070784763                                0   

    Phải thu về cho vay dài hạn (Tỷ đồng)  Phải thu dài hạn (Tỷ đồng)  
0                                       0                 81323260000  
1                                41783831                 68899393831  
2                                94277040                 66518357040  
3                               125242243                  4739412243  
4                                       0                  6370050000  
5                                       0                  5396860000  
6                                       0                   322500000  
7                                       0                   157500000  
8                                       0                   157500000  
9                                       0                           0  
10                                      0                           0  
     CP   Năm  Cổ đông thiểu số  Cổ đông thiểu số  Lãi/Lỗ ròng trước thuế  \
0   HAM  2023        5271262824        5271262824             44759897134   
1   HAM  2022        1588897573        1588897573             33381801038   
2   HAM  2021        1671260252        1671260252             56584926220   
3   HAM  2020        4771408488        4771408488             43102562527   
4   HAM  2019        7150105526        7150105526             30363901202   
5   HAM  2018        2431564539        2431564539             18162158948   
6   HAM  2017        1350227330        1350227330             35466450910   
7   HAM  2016                 0                 0             19876498913   
8   HAM  2015                 0                 0                       0   
9   HAM  2014                 0                 0                       0   
10  HAM  2013                 0                 0                       0   

    Tăng trưởng doanh thu (%)  Doanh thu (Tỷ đồng)  \
0                   -0.219610        3154058860741   
1                    0.301270        4041643260066   
2                   -0.036922        3105922677353   
3                    0.039061        3224995855568   
4                    0.281144        3103760014400   
5                    0.109782        2422647426275   
6                    0.403797        2182994194843   
7                    0.081368        1555064084035   
8                    0.009582        1438052273058   
9                   -0.079232        1424404061767   
10                   0.000000        1546974115362   

    Lợi nhuận sau thuế của Cổ đông công ty mẹ (Tỷ đồng)  \
0                                         34958907877     
1                                         24676449703     
2                                         44905770419     
3                                         31208337504     
4                                         19392702221     
5                                         12536430832     
6                                         26815333236     
7                                         16315263107     
8                                         13152618407     
9                                          9261994707     
10                                        11725044841     

    Tăng trưởng lợi nhuận (%)  Thu nhập tài chính  Thu nhập tài chính  \
0                    0.416691         14128780661         14128780661   
1                   -0.450484         10554828378         10554828378   
2                    0.438903         10477633855         10477633855   
3                    0.609283          7241293355          7241293355   
4                    0.546908          6401625933          6401625933   
5                   -0.532490          5413237221          5413237221   
6                    0.643573         10727419136         10727419136   
7                    0.240457          3415977625          3415977625   
8                    0.420063          4737191518          4737191518   
9                   -0.210067          2961830919          2961830919   
10                   0.000000          3816605292          3816605292   

    Chi phí tiền lãi vay  Chi phí tiền lãi vay  Doanh thu thuần  \
0           -51837460768          -51837460768    3131016022136   
1           -48980900002          -48980900002    4021571540332   
2           -45708788210          -45708788210    3087569899633   
3           -37613968770          -37613968770    3218928277935   
4           -31255810809          -31255810809    3098028424207   
5           -26530464137          -26530464137    2419186019888   
6           -16609765802          -16609765802    2180943121626   
7            -5381475004           -5381475004    1553555739887   
8            -4129276789           -4129276789    1437078682807   
9            -3829728753           -3829728753    1424375198050   
10           -7006075943           -7006075943    1546843427069   

    Doanh thu thuần       Lãi gộp       Lãi gộp  Chi phí tài chính  \
0     3131016022136  333046647634  333046647634       -53642221483   
1     4021571540332  325133590319  325133590319       -50438655907   
2     3087569899633  271149765767  271149765767       -48653340946   
3     3218928277935  237539791730  237539791730       -36607034651   
4     3098028424207  179550796033  179550796033       -32410952807   
5     2419186019888  133212499103  133212499103       -28124982599   
6     2180943121626  127557630297  127557630297       -15591233203   
7     1553555739887   86712311518   86712311518        -5089319804   
8     1437078682807   75878662905   75878662905        -4472988789   
9     1424375198050   57875474899   57875474899        -4568709553   
10    1546843427069   66595922319   66595922319        -7023261543   

    Chi phí tài chính  Chi phí quản lý DN  Chi phí quản lý DN  \
0        -53642221483        -64222803752        -64222803752   
1        -50438655907        -56045985865        -56045985865   
2        -48653340946        -47593297113        -47593297113   
3        -36607034651        -42478151750        -42478151750   
4        -32410952807        -37574662742        -37574662742   
5        -28124982599        -36145387818        -36145387818   
6        -15591233203        -21238006224        -21238006224   
7         -5089319804        -15833759747        -15833759747   
8         -4472988789        -11866224436        -11866224436   
9         -4568709553        -10350285506        -10350285506   
10        -7023261543        -10766215635        -10766215635   

    Lãi/Lỗ từ hoạt động kinh doanh  Lãi/Lỗ từ hoạt động kinh doanh  \
0                      41096751715                     41096751715   
1                      32393790521                     32393790521   
2                      52432717724                     52432717724   
3                      36194231136                     36194231136   
4                      23593260529                     23593260529   
5                      11873118356                     11873118356   
6                      31559443928                     31559443928   
7                      17068133130                     17068133130   
8                      12180641448                     12180641448   
9                       4753696857                      4753696857   
10                     11210665181                     11210665181   

    Lãi lỗ trong công ty liên doanh, liên kết  Thu nhập/Chi phí khác  \
0                                           0            -1026042032   
1                                           0            -1562604501   
2                                           0             -873483322   
3                                           0            -1475406417   
4                                           0             -701779381   
5                                           0             -945279265   
6                                           0            -5526196328   
7                                           0             -259903822   
8                                           0             -147700683   
9                                  1500974211             -202603171   
10                                 1696999146              -73995744   

    Giá vốn hàng bán  Chi phí bán hàng  Chi phí bán hàng  \
0     -2797969374502     -188213651345     -188213651345   
1     -3696437950013     -196809986404     -196809986404   
2     -2816420133866     -132948043839     -132948043839   
3     -2981388486205     -129501667548     -129501667548   
4     -2918477628174      -92373545888      -92373545888   
5     -2285973520785      -62482247551      -62482247551   
6     -2053385491329      -69896366078      -69896366078   
7     -1466843428369      -54207396349      -54207396349   
8     -1361200019902      -55074097471      -55074097471   
9     -1366499723151      -41164613902      -41164613902   
10    -1480247504750      -41412385252      -41412385252   

    Doanh thu bán hàng và cung cấp dịch vụ  Các khoản giảm trừ doanh thu  \
0                            3154058860741                  -23042838605   
1                            4041643260066                  -20071719734   
2                            3105922677353                  -18352777720   
3                            3224995855568                   -6067577633   
4                            3103760014400                   -5731590193   
5                            2422647426275                   -3461406387   
6                            2182994194843                   -2051073217   
7                            1555064084035                   -1508344148   
8                            1438052273058                    -973590251   
9                            1424404061767                     -28863717   
10                           1546974115362                    -130688293   

    Lãi/lỗ từ công ty liên doanh  Thu nhập khác  Lợi nhuận khác  \
0                              0     4689187451      3663145419   
1                              0     2550613018       988008517   
2                              0     5544847818      4671364496   
3                              0     8383737808      6908331391   
4                              0     7472420054      6770640673   
5                              0     7234319857      6289040592   
6                              0     9433203310      3907006982   
7                     2070319887     3068269605      2808365783   
8                     2978097721     3989414246      3841713563   
9                              0     5398932592      5196329421   
10                             0     2094562475      2020566731   

    LN trước thuế    Thuế TNDN  Chi phí thuế TNDN hiện hành  \
0     44759897134  -4529726433                  -6111529497   
1     33381799038  -7116451762                  -7456560160   
2     57104082220 -10527051549                 -10743292760   
3     43102562527  -7122816535                  -7166959693   
4     30363901202  -3821093455                  -4245065038   
5     18162158948  -3194163577                  -3418779082   
6     35466450910  -7300890344                  -7432344544   
7     19876498913  -3561235806                  -3561235806   
8     16022355011  -2869736604                  -2869736604   
9     11451000489  -2189005782                  -2189005782   
10    14928231058  -3203186217                  -3203186217   

    Chi phí thuế TNDN hoãn lại  Lợi nhuận thuần  Cổ đông của Công ty mẹ  \
0                   1581803064      40230170701             34958907877   
1                    340108398      26265347276             24676449703   
2                    216241211      46577030671             44905770419   
3                     44143158      35979745992             31208337504   
4                    423971583      26542807747             19392702221   
5                    224615505      14967995371             12536430832   
6                    131454200      28165560566             26815333236   
7                            0      16315263107             16315263107   
8                            0      13152618407             13152618407   
9                            0       9261994707              9261994707   
10                           0      11725044841             11725044841   

    Lãi cơ bản trên cổ phiếu  
0                       3627  
1                       2509  
2                       4547  
3                       4637  
4                       3115  
5                       2014  
6                       4355  
7                       2362  
8                       1901  
9                       1488  
10                      1880  
     CP   Năm  Tiền và tương đương tiền  \
0   HAM  2023              217564462393   
1   HAM  2022               86914791076   
2   HAM  2021               64100831670   
3   HAM  2020               71912130160   
4   HAM  2019               88542558847   
5   HAM  2018               33359376577   
6   HAM  2017               24890948222   
7   HAM  2016               16653027620   
8   HAM  2015               13898869604   
9   HAM  2014               10929069528   
10  HAM  2013                7932790650   

    Lãi/Lỗ chênh lệch tỷ giá chưa thực hiện  Lãi/Lỗ từ hoạt động đầu tư  \
0                                         0                -14114497820   
1                                   -132618                 -4905162469   
2                                 -11282745                 -6133213875   
3                                 -10789179                 -2804721247   
4                                         0                 -1906933046   
5                                   9798282                 -1868492562   
6                                         0                 -9095313155   
7                                         0                 -2313360293   
8                                         0                           0   
9                                         0                           0   
10                                        0                           0   

    Thu nhập lãi  Tăng/Giảm các khoản phải thu  Tăng/Giảm các khoản phải thu  \
0    51837460768                  -41616552351                  -41616552351   
1    48980900002                 -247602875457                 -247602875457   
2    45708788210                  -15447485552                  -15447485552   
3    37613968770                  -75141383918                  -75141383918   
4    31255810809                  -87410844350                  -87410844350   
5    26530464137                  -79499578121                  -79499578121   
6    16609765802                    2123587289                    2123587289   
7     5381475004                  -34905701798                  -34905701798   
8              0                             0                             0   
9              0                             0                             0   
10             0                             0                             0   

    Tăng/Giảm hàng tồn kho  Tăng/Giảm các khoản phải trả  \
0             -28682395630                     356317466   
1             146678199425                  156844766428   
2             -83990896997                    4113178522   
3             -38411980741                  -25577739471   
4             -59975972448                   18022774890   
5              67366096295                  126612619521   
6            -124606236989                   92382223466   
7             -69929824087                    7229111889   
8                        0                             0   
9                        0                             0   
10                       0                             0   

    Tăng/Giảm các khoản phải trả  Tăng/Giảm chi phí trả trước  \
0                      356317466                  -5729830987   
1                   156844766428                    151698960   
2                     4113178522                   2755558224   
3                   -25577739471                  -1278362574   
4                    18022774890                     15448041   
5                   126612619521                   -490653366   
6                    92382223466                  -4212208740   
7                     7229111889                   3280445039   
8                              0                            0   
9                              0                            0   
10                             0                            0   

    Chi phí lãi vay đã trả  Tiền thu nhập doanh nghiệp đã trả  \
0             -53149158070                        -4690407437   
1             -47899278401                       -12842650881   
2             -45522372554                        -5688911486   
3             -36040553998                        -8525790730   
4             -31848006565                        -1830957448   
5             -26121692028                        -7131557898   
6             -16483191198                        -6960172146   
7              -5272708044                        -2734771316   
8                        0                                  0   
9                        0                                  0   
10                       0                                  0   

    Tiền thu khác từ các hoạt động kinh doanh  \
0                                           0   
1                                           0   
2                                           0   
3                                           0   
4                                           0   
5                                           0   
6                                  5617691569   
7                                           0   
8                                           0   
9                                           0   
10                                          0   

    Tiền chi khác từ các hoạt động kinh doanh  \
0                                 -1062894910   
1                                 -1953267201   
2                                 -1119216508   
3                                 -1497882644   
4                                  -841038540   
5                                  -914818313   
6                                  -917089217   
7                                  -656502727   
8                                           0   
9                                           0   
10                                          0   

    Lưu chuyển tiền tệ ròng từ các hoạt động SXKD  \
0                                       981395171   
1                                    118886870538   
2                                      2483291190   
3                                    -71662732707   
4                                    -72965145195   
5                                    149422235271   
6                                      3437503217   
7                                    -75603737661   
8                                    -16042334484   
9                                     32536704798   
10                                    14974138310   

    Tiền thu được từ thanh lý tài sản cố định  \
0                                  1106651961   
1                                   532643098   
2                                    91818182   
3                                           0   
4                                   445454546   
5                                    27272727   
6                                  6703083595   
7                                  2181818182   
8                                           0   
9                                           0   
10                                  166363637   

    Đầu tư vào các doanh nghiệp khác  \
0                                  0   
1                                  0   
2                                  0   
3                                  0   
4                        -3180000000   
5                                  0   
6                       -22176680000   
7                        -8749650000   
8                                  0   
9                        -3500000000   
10                                 0   

    Tiền thu từ việc bán các khoản đầu tư vào doanh nghiệp khác  \
0                                                   0             
1                                         10000000000             
2                                                   0             
3                                                   0             
4                                                   0             
5                                                   0             
6                                                   0             
7                                                   0             
8                                                   0             
9                                                   0             
10                                                  0             

    Chi trả cho việc mua lại, trả cổ phiếu  Tiền thu được các khoản đi vay  \
0                                        0                   3188453347701   
1                                        0                   3227053927142   
2                                        0                   3099700306070   
3                                        0                   3175833571470   
4                                        0                   3176289368691   
5                                        0                   2212559488118   
6                                        0                   1927163626076   
7                              -9960000000                   1348016263034   
8                                        0                   1147840666698   
9                                        0                   1086564110813   
10                                       0                   1309260995988   

    Tiền trả các khoản đi vay  Cổ tức đã trả  Lưu chuyển tiền thuần trong kỳ  \
0              -3120760462005    -8498076800                     25609915136   
1              -3186845114987   -11260235000                    130649538699   
2              -3050390406315   -11520286900                     22807900881   
3              -3021257485253    -8195391900                     -7815349612   
4              -2996595795267    -9265768700                    -16630428687   
5              -2249296397881    -8973987400                     55183182270   
6              -1793098388778    -8392640700                     11168428355   
7              -1237212276706    -9320329680                      8237920602   
8              -1115683143548    -7466702495                      2754158016   
9              -1101985467616    -7493482750                      2969800076   
10             -1313669058859    -6272964200                      2996278878   

    Ảnh hưởng của chênh lệch tỷ giá  Tiền và tương đương tiền cuối kỳ  \
0                                 0                      243174377529   
1                            132618                      217564462393   
2                           6058525                       86914791076   
3                           4051122                       64100831670   
4                                 0                       71912130160   
5                                 0                       88542558847   
6                                 0                       36059376577   
7                                 0                       24890948222   
8                                 0                       16653027620   
9                                 0                       13898869604   
10                                0                       10929069528   

    Khấu hao TSCĐ  Dự phòng RR tín dụng  \
0     43177264313            9896192695   
1     43532341998            4520529714   
2     40524163153           10710056578   
3     33427545554            -627205056   
4     25747004742            5443667518   
5     22130660025            4637230351   
6     13750310347            -238314721   
7      3001562604            1440037155   
8      2564945951                     0   
9               0                     0   
10              0                     0   

    Lưu chuyển tiền thuần từ HĐKD trước thay đổi VLĐ  Mua sắm TSCĐ  \
0                                       135556317090  -27466883354   
1                                       125510277665  -19781830607   
2                                       147383437541  -55756094126   
3                                       110701361369  -58980485333   
4                                        90903451225  -57742212524   
5                                        69601819181  -39350036953   
6                                        56492899183 -102468075055   
7                                        27386213383   -2164166567   
8                                                  0   -5894328155   
9                                                  0   -3152065169   
10                                                 0   -2368833636   

    Tiền thu cổ tức và lợi nhuận được chia  Lưu chuyển từ hoạt động đầu tư  \
0                              10051658631                    -34566288931   
1                               3791265801                    -20185908994   
2                               4903085419                    -17465003164   
3                               1747962308                    -82533311222   
4                               1333493259                   -120936968216   
5                                312108388                    -59110655838   
6                                        0                   -117941671460   
7                               1050000000                     -7681998385   
8                                        0                     -5894328155   
9                                        0                     -6652065169   
10                               905637638                     -1296832361   

    Tăng vốn cổ phần từ góp vốn và/hoặc phát hành cổ phiếu  \
0                                                   0        
1                                          3000000000        
2                                                   0        
3                                                   0        
4                                          6843880000        
5                                         10582500000        
6                                                   0        
7                                                   0        
8                                                   0        
9                                                   0        
10                                                  0        

    Lưu chuyển tiền từ hoạt động tài chính  \
0                              59194808896   
1                              31948577155   
2                              37789612855   
3                             146380694317   
4                             177271684724   
5                             -35128397163   
6                             125672596598   
7                              91523656648   
8                              24690820655   
9                             -22914839553   
10                            -10681027071   

    Tiền thu hồi cho vay, bán lại các công cụ nợ của đơn vị khác (Tỷ đồng)  \
0                                          9251783831                        
1                                                   0                        
2                                         51974593704                        
3                                         16665588838                        
4                                         20348084503                        
5                                                   0                        
6                                                   0                        
7                                                   0                        
8                                                   0                        
9                                                   0                        
10                                                  0                        

    Tiền chi cho vay, mua công cụ nợ của đơn vị khác (Tỷ đồng)  
0                                        -27509500000           
1                                        -14727987286           
2                                        -18678406343           
3                                        -41966377035           
4                                        -82141788000           
5                                        -20100000000           
6                                                   0           
7                                                   0           
8                                                   0           
9                                                   0           
10                                                  0           
   Meta          Chỉ tiêu định giá                    \
     CP   Năm Kỳ               P/B Vốn hóa (Tỷ đồng)   
0   HAM  2023  5          1.247053      275648544600   
1   HAM  2022  5          1.323097      259263840900   
2   HAM  2021  5          1.222305      223357081059   
3   HAM  2020  5          1.001700      149409576000   
4   HAM  2019  5          1.354416      168085773000   
5   HAM  2018  5          1.482336      168085773000   
6   HAM  2017  5          1.669970      168085773000   
7   HAM  2016  5          1.976100      168085773000   
8   HAM  2015  5          1.844989      168085773000   
9   HAM  2014  5          1.945105      168085773000   
10  HAM  2013  5          1.959905      168085773000   

                                                                            \
   Số CP lưu hành (Triệu CP)        P/E       P/S P/Cash Flow    EPS (VND)   
0                    9638061   8.213469  0.088038  280.874160  3627.172299   
1                    9638061  10.831473  0.064468    2.180761  2560.312671   
2                    9338061   5.176376  0.072341   89.943975  4808.896667   
3                    6225399   4.935556  0.046416   -2.084899  5013.066231   
4                    6225399   9.123659  0.054256   -2.303645  3115.093863   
5                    6225399  14.259020  0.069480    1.124905  2013.755397   
6                    6225399   6.508954  0.077070   48.897634  4307.407965   
7                    6225399  10.302364  0.108194   -2.223247  2620.757819   
8                    6225399  12.779643  0.116964  -10.477638  2112.735008   
9                    6225399  18.147902  0.118007    5.166036  1487.775275   
10                   6225399  14.335619  0.108664   11.225071  1883.420619   

                            Chỉ tiêu khả năng sinh lợi  \
      BVPS (VND)  EV/EBITDA     Biên lợi nhuận gộp (%)   
0   22934.067060   6.671460                   0.106370   
1   20331.084963   6.626160                   0.080847   
2   19568.770652   6.736357                   0.087820   
3   23959.257533   7.873874                   0.073795   
4   19934.793566   8.436728                   0.057956   
5   18214.497216   7.941036                   0.055065   
6   16167.955880  10.754669                   0.058487   
7   13663.276225  15.783446                   0.055815   
8   14634.237370  18.076331                   0.052801   
9   13881.000210  24.381056                   0.040632   
10  13776.178629  13.492823                   0.043053   

                                                                        \
   Biên lợi nhuận ròng (%)   ROE (%)  ROIC (%)   ROA (%) Biên EBIT (%)   
0                 0.011165  0.167672  0.076994  0.027160      0.025746   
1                 0.006136  0.130326  0.076098  0.020380      0.017972   
2                 0.014544  0.230298  0.094487  0.038747      0.029346   
3                 0.009695  0.181523  0.075323  0.030181      0.020367   
4                 0.006260  0.123149  0.070149  0.022960      0.016011   
5                 0.005182  0.089684  0.066739  0.016640      0.014296   
6                 0.012295  0.246853  0.067479  0.047579      0.016701   
7                 0.010502  0.185229  0.066059  0.054477      0.010731   
8                 0.009152  0.148183  0.060554  0.053883      0.006220   
9                 0.006502  0.107587  0.043942  0.038025      0.004466   
10                0.007580  0.140136  0.090380  0.041144      0.009320   

                                                       \
   EBITDA (Tỷ đồng) EBIT (Tỷ đồng) Tỷ suất cổ tức (%)   
0      123787456850    80610192537           0.034965   
1      115809960048    72277618050           0.044610   
2      130613431968    90608424815           0.050169   
3       98987517986    65559972432           0.058333   
4       75349592145    49602587403           0.044444   
5       56715523759    34584863734           0.051852   
6       50173568342    36423257995           0.059259   
7       19672718026    16671155422           0.051852   
8       11503286949     8938340998           0.044444   
9        8716689361     6360575491           0.000000   
10      17113782828    14417321432           0.000000   

          Chỉ tiêu thanh khoản                             \
   Chỉ số thanh toán hiện thời Chỉ số thanh toán tiền mặt   
0                     1.076877                   0.287837   
1                     0.995742                   0.265128   
2                     0.927751                   0.109627   
3                     1.059296                   0.091719   
4                     1.033848                   0.129067   
5                     0.860280                   0.189942   
6                     0.879153                   0.073448   
7                     1.009515                   0.117304   
8                     0.920986                   0.135464   
9                     0.920595                   0.088300   
10                    0.974004                   0.072108   

                                                                       \
   Chỉ số thanh toán nhanh Khả năng chi trả lãi vay Đòn bẩy tài chính   
0                 0.756618                -1.555057          5.267079   
1                 0.732260                -1.475629          5.525968   
2                 0.444403                -1.982298          5.632853   
3                 0.680017                -1.742969          6.313871   
4                 0.676737                -1.586988          5.699360   
5                 0.583704                -1.303591          4.981799   
6                 0.388216                -2.192882          5.844045   
7                 0.533711                -3.097878          4.168965   
8                 0.646562                -2.164626          2.682363   
9                 0.581465                -1.660842          2.821508   
10                0.552402                -2.057831          2.837245   

   Chỉ tiêu hiệu quả hoạt động                                            \
             Vòng quay tài sản Vòng quay TSCĐ Số ngày thu tiền bình quân   
0                     2.432553       9.681831                  33.641585   
1                     3.321359      11.713234                  22.062054   
2                     2.689396       8.876737                  26.161023   
3                     3.113010      10.052969                  25.544916   
4                     3.667947      10.549286                  22.774738   
5                     3.211155       8.640590                  22.771407   
6                     3.869732      12.310070                  18.897023   
7                     5.187309      18.901634                  16.585030   
8                     5.887329      17.412364                  17.690548   
9                     5.847809      17.672507                  19.870119   
10                    5.427931      19.096891                  21.721866   

                                                                       \
   Số ngày tồn kho bình quân Số ngày thanh toán bình quân Chu kỳ tiền   
0                  19.480613                    20.390940   73.513139   
1                  21.654189                    17.317448   61.033692   
2                  33.903595                    24.597066   84.661684   
3                  24.534959                    24.861612   74.941486   
4                  18.911381                    25.327753   67.013872   
5                  29.242154                    32.356319   84.369880   
6                  31.873904                    26.055473   76.826399   
7                  19.558924                    20.684231   56.828184   
8                  12.859682                    23.648291   54.198521   
9                  15.250160                    22.521409   57.641687   
10                 21.411333                    29.064402   72.197601   

                          Chỉ tiêu cơ cấu nguồn vốn                           \
   Vòng quay hàng tồn kho          (Vay NH+DH)/VCSH   Nợ/VCSH TSCĐ / Vốn CSH   
0               18.736576                  3.820803  4.267079       1.248583   
1               16.855861                  3.871690  4.525968       1.472998   
2               10.765820                  4.391596  4.632853       1.697452   
3               14.876732                  5.276820  5.313871       1.923812   
4               19.300547                  4.396909  4.699360       1.797841   
5               12.481981                  3.178803  3.981799       1.941159   
6               11.451374                  3.787588  4.844045       2.071815   
7               18.661558                  2.229421  3.168965       0.945751   
8               28.383284                  0.620220  1.682363       0.921345   
9               23.934176                  0.675060  1.821508       0.938797   
10              17.047047                  0.929973  1.837245       0.933637   

                        
   Vốn CSH/Vốn điều lệ  
0             2.631280  
1             2.325417  
2             2.179293  
3             1.828939  
4             1.738690  
5             1.529043  
6             1.371624  
7             0.882536  
8             0.945252  
9             0.896599  
10            0.889828  
