     CP   Năm  Hàng tồn kho ròng  Tài sản lưu động khác  Tài sản dài hạn khác  \
0   HNM  2023       253674092437             8132669661            2285339333   
1   HNM  2022       230864178702               14522357            1330992701   
2   HNM  2021       159356613766              208430308            1665357500   
3   HNM  2020       200837355188               59976771            1260322734   
4   HNM  2019       200144042347              151513079             737223663   
5   HNM  2018       202800953988              678851422            1169292364   
6   HNM  2017       144483892759             2859161313            7963231698   
7   HNM  2016       114312093118             4129863061           10808646786   
8   HNM  2015        57951031847             4035388205            7695621666   
9   HNM  2014        48314918437             6458846883           12821347516   
10  HNM  2013        18269012801            12732053416           10837608940   

    Các quỹ khác  Các quỹ khác  Các quỹ khác  Các quỹ khác  \
0              0             0             0             0   
1              0             0             0             0   
2              0             0             0             0   
3     1160418827             0    1160418827             0   
4     1160418827             0    1160418827             0   
5     1160418827             0    1160418827             0   
6              0    1160418827             0    1160418827   
7     1160418827             0    1160418827             0   
8     1160418827             0    1160418827             0   
9              0             0             0             0   
10             0             0             0             0   

    Dự phòng giảm giá đầu tư dài hạn  Tài sản cố định hữu hình  \
0                                  0              107788724994   
1                                  0               52693393267   
2                                  0               57650436686   
3                         -533882422               57506795588   
4                         -533882422               66949955158   
5                         -533882422               80294782163   
6                         -533882422               95041635021   
7                         -266941211               98276585518   
8                         -266941211               64666191188   
9                         -750000000               70838624879   
10                        -750000000               72037706696   

    Tài sản cố định thuê tài chính  Tài sản cố định vô hình  \
0                      10438222203                819395599   
1                      11422261383                981058615   
2                      12406300563               1142721643   
3                      13390339743               1255693603   
4                      14374378923               1421031415   
5                                0                866333318   
6                                0               1020231334   
7                                0               1177537486   
8                                0                129187714   
9                                0                173332575   
10                               0                217477439   

    TÀI SẢN NGẮN HẠN (Tỷ đồng)  Tiền và tương đương tiền (Tỷ đồng)  \
0                 374550830533                          3398880697   
1                 319447791131                          3177279944   
2                 265494752989                          1526532370   
3                 401748870145                          3006699990   
4                 383239445535                          2893241038   
5                 392528353331                          1555955801   
6                 327295926153                          4868765279   
7                 300784656055                          1825740737   
8                 231589767759                         13106016471   
9                 228075711005                         87355784080   
10                117393866850                          2238560090   

    Giá trị thuần đầu tư ngắn hạn (Tỷ đồng)  \
0                                  20910000   
1                                  16575000   
2                                  36720000   
3                                   6840000   
4                                   6840000   
5                                   6840000   
6                                  11835000   
7                                  11835000   
8                                  11835000   
9                                  13383000   
10                                115200000   

    Các khoản phải thu ngắn hạn (Tỷ đồng)  \
0                            109324277738   
1                             85375235128   
2                            104366456545   
3                            197837998196   
4                            180043809071   
5                            187485752120   
6                            175072271802   
7                            180505124139   
8                            156485496236   
9                             85932778605   
10                            84039040543   

    Trả trước cho người bán ngắn hạn (Tỷ đồng)  Hàng tồn kho, ròng (Tỷ đồng)  \
0                                  24334692460                  253674092437   
1                                  37469797613                  230864178702   
2                                  38079629850                  159356613766   
3                                 142993656087                  200837355188   
4                                 134294769325                  200144042347   
5                                 141486374852                  202800953988   
6                                 110918038394                  144483892759   
7                                 102256875470                  114312093118   
8                                  63178533864                   57951031847   
9                                  18033191797                   48314918437   
10                                  9935416862                   18269012801   

    Tài sản lưu động khác (Tỷ đồng)  TÀI SẢN DÀI HẠN (Tỷ đồng)  \
0                                 0               308753109251   
1                                 0               189968981458   
2                                 0               195145858316   
3                                 0               102891954944   
4                                 0               112781726737   
5                                 0               110063211332   
6                                 0               131690545631   
7                                 0               143371011551   
8                                 0               109233590055   
9                        4196184304               111610146661   
10                       3273982092               110338143075   

    TỔNG CỘNG NGUỒN VỐN (Tỷ đồng)  Lãi chưa phân phối (Tỷ đồng)  \
0                    683303939784                   -7153447950   
1                    509416772589                  -40790415414   
2                    460640611305                  -79079021844   
3                    504640825089                  -20506308075   
4                    496021172272                  -22762591995   
5                    502591564663                  -24201056752   
6                    458986471784                  -20023302525   
7                    444155667606                     491562420   
8                    340823357814                     695415539   
9                    339685857666                    2699831227   
10                   227732009925                    4029504589   

    Quỹ đầu tư và phát triển (Tỷ đồng)  Cổ phiếu phổ thông (Tỷ đồng)  \
0                           4977704911                  444000000000   
1                           4977704911                  200000000000   
2                           4977704911                  200000000000   
3                           3817286084                  200000000000   
4                           3817286084                  200000000000   
5                           3817286084                  200000000000   
6                           3817286084                  200000000000   
7                           3817286084                  200000000000   
8                           3817286084                  200000000000   
9                           3817286084                  200000000000   
10                          3817286084                  125000000000   

    Vốn góp của chủ sở hữu (Tỷ đồng)  Vốn và các quỹ (Tỷ đồng)  \
0                       444000000000              446091756961   
1                       200000000000              168784789497   
2                       200000000000              130496183067   
3                       200000000000              189068896836   
4                       200000000000              186812612916   
5                       200000000000              185374148159   
6                       200000000000              189551902386   
7                       200000000000              210066767331   
8                       200000000000              210270620450   
9                       200000000000              212275036138   
10                      125000000000              134007209500   

    VỐN CHỦ SỞ HỮU (Tỷ đồng)  Vay và nợ thuê tài chính dài hạn (Tỷ đồng)  \
0               446091756961                                           0   
1               168784789497                                           0   
2               130496183067                                  2493024444   
3               189068896836                                 10523832744   
4               186812612916                                  9450147501   
5               185374148159                                 15485188757   
6               189551902386                                  9068477893   
7               210066767331                                 18923061471   
8               210270620450                                  4506058280   
9               212275036138                                  5913912000   
10              134007209500                                           0   

    Nợ dài hạn (Tỷ đồng)  Người mua trả tiền trước ngắn hạn (Tỷ đồng)  \
0                      0                                   2060306430   
1                      0                                   3446510915   
2             2493024444                                   3940237163   
3            10523832744                                   5229206059   
4             9450147501                                   9394781918   
5            15485188757                                  19900228463   
6             9068477893                                  18256713606   
7            18923061471                                  10397830945   
8             4506058280                                    760069146   
9             5913912000                                    864332198   
10                     0                                    921446396   

    Vay và nợ thuê tài chính ngắn hạn (Tỷ đồng)  Nợ ngắn hạn (Tỷ đồng)  \
0                                   79604636233           237212182823   
1                                  195255460782           340631983092   
2                                  199047239585           327651403794   
3                                  196002438949           305048095509   
4                                  204610345863           299758411855   
5                                  188859331126           301732227747   
6                                  184647615700           260366091505   
7                                  119643301299           215165838804   
8                                   65495119343           126046679084   
9                                   63261339189           121496909528   
10                                  50225271396            93724800425   

    NỢ PHẢI TRẢ (Tỷ đồng)  TỔNG CỘNG TÀI SẢN (Tỷ đồng)  \
0            237212182823                 683303939784   
1            340631983092                 509416772589   
2            330144428238                 460640611305   
3            315571928253                 504640825089   
4            309208559356                 496021172272   
5            317217416504                 502591564663   
6            269434569398                 458986471784   
7            234088900275                 444155667606   
8            130552737364                 340823357814   
9            127410821528                 339685857666   
10            93724800425                 227732009925   

    Trả trước dài hạn (Tỷ đồng)  Tài sản dài hạn khác (Tỷ đồng)  \
0                    2285339333                     27000000000   
1                    1330992701                     27000000000   
2                    1665357500                     27000000000   
3                    1260322734                     27000000000   
4                     737223663                     27000000000   
5                    1169292364                     27000000000   
6                    7963231698                     27000000000   
7                   10808646786                     27000000000   
8                    7695621666                     27000000000   
9                   12821347516                     27750000000   
10                  10837608940                     27750000000   

    Đầu tư dài hạn (Tỷ đồng)  Tài sản cố định (Tỷ đồng)  \
0                27000000000               119046342796   
1                27000000000                65096713265   
2                27000000000                71199458892   
3                26466117578                72152828934   
4                26466117578                82745365496   
5                26466117578                81161115481   
6                26466117578                96061866355   
7                26733058789                99454123004   
8                26733058789                64795378902   
9                27000000000                71788799145   
10               27000000000                72500534135   

    Phải thu dài hạn khác (Tỷ đồng)  Phải thu dài hạn (Tỷ đồng)  
0                        1186999240                102699288973  
1                        4155105280                 92212095280  
2                        4124989924                 92181979924  
3                                 0                           0  
4                                 0                           0  
5                                 0                           0  
6                                 0                           0  
7                                 0                           0  
8                                 0                           0  
9                                 0                           0  
10                                0                           0  
     CP   Năm  Lãi/Lỗ ròng trước thuế  Tăng trưởng doanh thu (%)  \
0   HNM  2023             44111445605                   0.446809   
1   HNM  2022             38288606430                   0.779027   
2   HNM  2021             16945335284                   0.382766   
3   HNM  2020              2256283920                   0.164797   
4   HNM  2019              1438464756                  -0.104594   
5   HNM  2018              1172900217                   0.129744   
6   HNM  2017            -18648706343                  -0.278636   
7   HNM  2016              2222858662                  -0.175412   
8   HNM  2015              2480052749                   0.214243   
9   HNM  2014              3845379857                  -0.056541   
10  HNM  2013              3034310954                   0.000000   

    Doanh thu (Tỷ đồng)  Lợi nhuận sau thuế của Cổ đông công ty mẹ (Tỷ đồng)  \
0          704055662900                                        33636967464     
1          486626614731                                        38288606430     
2          273535284091                                        16945335284     
3          197817494740                                         2256283920     
4          169829990315                                         1438464756     
5          189668083547                                         1172900217     
6          167885918475                                       -18648706343     
7          232733878793                                         1710940070     
8          282242502815                                         1929433596     
9          232443150920                                          154734562     
10         246373373164                                         3034310954     

    Tăng trưởng lợi nhuận (%)  Thu nhập tài chính  Thu nhập tài chính  \
0                   -0.121489          3486019585          3486019585   
1                    1.259537          2407613420          2407613420   
2                    6.510285           582635435           582635435   
3                    0.568536             3982809             3982809   
4                    0.226417           141323758           141323758   
5                    1.062894             3038869             3038869   
6                  -11.899684             6260855             6260855   
7                   -0.113242            21748741            21748741   
8                   11.469312           410507041           410507041   
9                   -0.949005            19894494            19894494   
10                   0.000000           565653071           565653071   

    Chi phí tiền lãi vay  Chi phí tiền lãi vay  Doanh thu thuần  \
0            -7449180581           -7449180581     698809320244   
1           -12855967208          -12855967208     484159729203   
2           -10230558180          -10230558180     272271498381   
3            -6474036173           -6474036173     196485181210   
4            -6460236581           -6460236581     168207466518   
5            -9515233026           -9515233026     188837344167   
6            -9293673069           -9293673069     162497915037   
7            -9049808076           -9049808076     221639137771   
8            -5116778588           -5116778588     267804301569   
9            -5075371764           -5075371764     221876728367   
10           -5847193716           -5847193716     237874551811   

    Doanh thu thuần       Lãi gộp       Lãi gộp  Chi phí tài chính  \
0      698809320244  119619878645  119619878645        -7616466090   
1      484159729203  106271645280  106271645280       -13619245486   
2      272271498381   78372236401   78372236401       -10497679900   
3      196485181210   48649143347   48649143347        -7264607969   
4      168207466518   36994112498   36994112498        -6460236581   
5      188837344167   49808187128   49808187128        -9628910035   
6      162497915037   41753497327   41753497327        -9614499837   
7      221639137771   66098313081   66098313081        -9049808076   
8      267804301569   80048477313   80048477313        -5385267799   
9      221876728367   69272247131   69272247131        -5177188764   
10     237874551811   65198245985   65198245985        -5763328716   

    Chi phí tài chính  Chi phí quản lý DN  Chi phí quản lý DN  \
0         -7616466090        -12650492346        -12650492346   
1        -13619245486         -1532289136         -1532289136   
2        -10497679900        -13243174817        -13243174817   
3         -7264607969        -10134640955        -10134640955   
4         -6460236581         -8345836232         -8345836232   
5         -9628910035         -8274030404         -8274030404   
6         -9614499837        -14585645642        -14585645642   
7         -9049808076        -13351233996        -13351233996   
8         -5385267799        -15130606797        -15130606797   
9         -5177188764        -11090414948        -11090414948   
10        -5763328716        -13001666421        -13001666421   

    Lãi/Lỗ từ hoạt động kinh doanh  Lãi/Lỗ từ hoạt động kinh doanh  \
0                      40211069318                     40211069318   
1                      45380453674                     45380453674   
2                      22930779425                     22930779425   
3                        555527464                       555527464   
4                      -2986980727                     -2986980727   
5                       1028429080                      1028429080   
6                     -17902021741                    -17902021741   
7                       2670542532                      2670542532   
8                       1961452621                      1961452621   
9                       6802350592                      6802350592   
10                      2817427410                      2817427410   

    Thu nhập/Chi phí khác  Giá vốn hàng bán  Chi phí bán hàng  \
0             -2329552320     -579189441599      -62627870476   
1             -7093873364     -377888083923      -48147270404   
2             -6446855755     -193899261980      -32283237694   
3              -729837572     -147836037863      -30698349768   
4             -4500970658     -131213354020      -25316344170   
5                -3345227     -139029157039      -30879856478   
6              -825052959     -120744417710      -35461634444   
7              -812847051     -155540824690      -41048477218   
8              -243412242     -187755824256      -57981657137   
9            -28161278937     -152604481236      -46222187321   
10             -417887692     -172676305826      -44181476509   

    Chi phí bán hàng  Doanh thu bán hàng và cung cấp dịch vụ  \
0       -62627870476                            704055662900   
1       -48147270404                            486626614731   
2       -32283237694                            273535284091   
3       -30698349768                            197817494740   
4       -25316344170                            169829990315   
5       -30879856478                            189668083547   
6       -35461634444                            167885918475   
7       -41048477218                            232733878793   
8       -57981657137                            282242502815   
9       -46222187321                            232443150920   
10      -44181476509                            246373373164   

    Các khoản giảm trừ doanh thu  Thu nhập khác  Lợi nhuận khác  \
0                    -5246342656     6229928607      3900376287   
1                    -2466885528        2026120     -7091847244   
2                    -1263785710      461411614     -5985444141   
3                    -1332313530     2430594028      1700756456   
4                    -1622523797     8926416141      4425445483   
5                     -830739380      147816364       144471137   
6                    -5388003438       78368357      -746684602   
7                   -11094741022      365163181      -447683870   
8                   -14438201246      762012370       518600128   
9                   -10566422553    25204308202     -2956970735   
10                   -8498821353      634771236       216883544   

    LN trước thuế    Thuế TNDN  Chi phí thuế TNDN hiện hành  Lợi nhuận thuần  \
0     44111445605 -10474478141                 -10474478141      33636967464   
1     38288606430            0                            0      38288606430   
2     16945335284            0                            0      16945335284   
3      2256283920            0                            0       2256283920   
4      1438464756            0                            0       1438464756   
5      1172900217            0                            0       1172900217   
6    -18648706343            0                            0     -18648706343   
7      2222858662   -511918592                   -511918592       1710940070   
8      2480052749   -550619153                   -550619153       1929433596   
9      3845379857  -3690645295                  -3690645295        154734562   
10     3034310954            0                            0       3034310954   

    Cổ đông của Công ty mẹ  Lãi cơ bản trên cổ phiếu  
0              33636967464                      1052  
1              38288606430                      1914  
2              16945335284                       847  
3               2256283920                       113  
4               1438464756                        72  
5               1172900217                        59  
6             -18648706343                      -932  
7               1710940070                        86  
8               1929433596                        96  
9                154734562                        12  
10              3034310954                       243  
     CP   Năm  Tiền và tương đương tiền  \
0   HNM  2023                3177279944   
1   HNM  2022                1526532370   
2   HNM  2021                2023615566   
3   HNM  2020                2893241038   
4   HNM  2019                1555955801   
5   HNM  2018                4868765279   
6   HNM  2017                1825264444   
7   HNM  2016               13106016471   
8   HNM  2015               87355784080   
9   HNM  2014                2238560090   
10  HNM  2013                5044444366   

    Lãi/Lỗ chênh lệch tỷ giá chưa thực hiện  Lãi/Lỗ từ hoạt động đầu tư  \
0                                 -15729027                    -6701655   
1                                 124045330                    -6182973   
2                                 270890857                   -35748687   
3                                         0                    -3982809   
4                                         0                  -141323758   
5                                         0                    -3038869   
6                                -207503829                    -6260855   
7                                         0                           0   
8                                         0                  -410507041   
9                                         0                  2899097118   
10                                        0                           0   

    Thu nhập lãi  Tăng/Giảm các khoản phải thu  Tăng/Giảm các khoản phải thu  \
0     7449180581                  -32807707527                  -32807707527   
1    12855967208                   25960931527                   25960931527   
2    10230558180                  -25079630026                  -25079630026   
3     6474036173                  -19723851462                  -19723851462   
4     6460236581                    7078287127                    7078287127   
5     9515233026                  -10942927247                  -10942927247   
6     9293673069                  -10379543519                  -10379543519   
7     9049808076                  -27775997635                  -27775997635   
8     5116778588                  -69770137954                  -69770137954   
9     5075371764                  -24414593444                  -24414593444   
10    5847193716                  -17619526693                  -17619526693   

    Tăng/Giảm hàng tồn kho  Tăng/Giảm các khoản phải trả  \
0             -22809913735                   15760422022   
1             -71507564936                    6121644316   
2             -18736543760                    9894063942   
3               -693312843                   13897590567   
4               2656911643                  -17724830629   
5             -58317061229                   37154420816   
6             -30861335625                  -11412553075   
7             -56361301271                   34998616337   
8              -9636113410                   -8076147358   
9             -30045905636                   10343655651   
10             31059791405                  -16535597832   

    Tăng/Giảm các khoản phải trả  Tăng/Giảm chi phí trả trước  \
0                    15760422022                  -2345478949   
1                     6121644316                    528272750   
2                     9894063942                   -830478005   
3                    13897590567                   -431562763   
4                   -17724830629                    587479041   
5                    37154420816                   2612019525   
6                   -11412553075                   7606096466   
7                    34998616337                  -1033681440   
8                    -8076147358                   3251111427   
9                    10343655651                   5209898745   
10                  -16535597832                  -8500079386   

    Chi phí lãi vay đã trả  Tiền thu nhập doanh nghiệp đã trả  \
0               -167338137                                  0   
1              -2230912796                                  0   
2              -2439836311                                  0   
3              -6474036173                                  0   
4              -6460236581                                  0   
5              -9515233026                                  0   
6              -9293673069                        -1600583859   
7              -9049808076                         -354681869   
8               5116778588                         -500000000   
9              -5111176119                        -2161552400   
10             -5847193716                         -407691016   

    Tiền thu khác từ các hoạt động kinh doanh  \
0                                           0   
1                                           0   
2                                           0   
3                                           0   
4                                           0   
5                                           0   
6                                           0   
7                                   -21748741   
8                                           0   
9                                           0   
10                                          0   

    Tiền chi khác từ các hoạt động kinh doanh  \
0                                           0   
1                                           0   
2                                           0   
3                                           0   
4                                           0   
5                                  -680838462   
6                                           0   
7                                 -2092208484   
8                                 -1572198924   
9                                 -1484407924   
10                                -3845270376   

    Lưu chuyển tiền tệ ròng từ các hoạt động SXKD  \
0                                      7002053056   
1                                     12185255193   
2                                      4248989865   
3                                      8089743510   
4                                      3090564030   
5                                    -13737444728   
6                                    -46158566238   
7                                    -35740984414   
8                                    -58389834644   
9                                    -19950827470   
10                                    -1532854129   

    Tiền thu được từ thanh lý tài sản cố định  Tiền thu được các khoản đi vay  \
0                                           0                     50012508651   
1                                           0                      6623118309   
2                                    31818182                     10080318281   
3                                           0                      1068000000   
4                                           0                    106651061240   
5                                           0                    238612532888   
6                                           0                    250117493755   
7                                           0                    260866852945   
8                                           0                    199792561363   
9                                 19170807710                    195756782217   
10                                          0                    158989602889   

    Tiền trả các khoản đi vay  Tiền thanh toán vốn gốc đi thuê tài chính  \
0                -49917227050                                -2565207749   
1                -10086638264                                -2921245610   
2                -10180572628                                -2208635945   
3                 -6783354709                                -1818866960   
4               -106385235260                                -1815059370   
5               -227984106598                                          0   
6               -197922716881                                          0   
7               -192301667798                                          0   
8               -198966634929                                          0   
9               -176806802424                                          0   
10              -160827612655                                          0   

    Cổ tức đã trả  Lưu chuyển tiền thuần trong kỳ  \
0               0                       221606805   
1               0                      1649171213   
2               0                      -496992740   
3               0                       113458952   
4               0                      1337285237   
5               0                     -3312809478   
6               0                      3043500835   
7        -7220000                    -11280275734   
8     -2361650360                    -74249767609   
9               0                     85117223990   
10              0                     -2805884276   

    Ảnh hưởng của chênh lệch tỷ giá  Tiền và tương đương tiền cuối kỳ  \
0                             -6052                        3398880697   
1                           1576361                        3177279944   
2                            -90456                        1526532370   
3                                 0                        3006699990   
4                                 0                        2893241038   
5                                 0                        1555955801   
6                                 0                        4868765279   
7                                 0                        1825740737   
8                                 0                       13106016471   
9                                 0                       87355784080   
10                                0                        2238560090   

    Khấu hao TSCĐ  Dự phòng RR tín dụng  \
0     -3355365710            1189239588   
1      9030128803           -6979680466   
2     10025770286            4004608105   
3     10858916562            1929662338   
4      8459991924             735583926   
5     15040224874             226855647   
6     15440927231            3910897170   
7     13094608832            1582551195   
8     11718605625            3891943066   
9     13381865527            2511539391   
10     9589870599            1691338216   

    Lưu chuyển tiền thuần từ HĐKD trước thay đổi VLĐ  Mua sắm TSCĐ  \
0                                        49372069382 -103987221758   
1                                        53312884332   -4157501388   
2                                        41441414025   -2472841000   
3                                        21514916184    -446045698   
4                                        16952953429    -345369161   
5                                        25952174895    -206829909   
6                                         9783026443   -2998970656   
7                                        25949826765  -44119005208   
8                                        22796872987  -14734716080   
9                                        27713253657  -12670130537   
10                                       20162713485             0   

    Tiền thu cổ tức và lợi nhuận được chia  Lưu chuyển từ hoạt động đầu tư  \
0                                  6701655                   -103980520103   
1                                  6182973                     -4151318415   
2                                  3930505                     -2437092313   
3                                  3982809                      -442062889   
4                                141323758                      -204045403   
5                                  3038869                      -203791040   
6                                  6260855                     -2992709801   
7                                 21748741                    -44097256467   
8                                410507041                    -14324209039   
9                                 19894494                      6520571667   
10                               564979619                       564979619   

    Tăng vốn cổ phần từ góp vốn và/hoặc phát hành cổ phiếu  \
0                                         99670000000        
1                                                   0        
2                                                   0        
3                                                   0        
4                                                   0        
5                                                   0        
6                                                   0        
7                                                   0        
8                                                   0        
9                                         79597500000        
10                                                  0        

    Lưu chuyển tiền từ hoạt động tài chính  
0                              97200073852  
1                              -6384765565  
2                              -2308890292  
3                              -7534221669  
4                              -1549233390  
5                              10628426290  
6                              52194776874  
7                              68557965147  
8                              -1535723926  
9                              98547479793  
10                             -1838009766  
   Meta          Chỉ tiêu định giá                    \
     CP   Năm Kỳ               P/B Vốn hóa (Tỷ đồng)   
0   HNM  2023  5          0.875874      390720000000   
1   HNM  2022  5          1.185178      200040000000   
2   HNM  2021  5          0.990374      129240000000   
3   HNM  2020  5          1.428051      270000000000   
4   HNM  2019  5          1.370357      256000000000   
5   HNM  2018  5          1.380991      256000000000   
6   HNM  2017  5          1.350554      256000000000   
7   HNM  2016  5          1.218660      256000000000   
8   HNM  2015  5          1.217479      256000000000   
9   HNM  2014  5          1.205983      256000000000   
10  HNM  2013  5          1.193966      160000000000   

                                                                              \
   Số CP lưu hành (Triệu CP)          P/E       P/S P/Cash Flow    EPS (VND)   
0                   44400000    11.615791  0.559122   55.800777   757.589357   
1                   20000000     5.224531  0.413169   16.416562  1914.430321   
2                   20000000     7.626878  0.474673   30.416641   847.266764   
3                   20000000   119.665791  1.374149   33.375595   112.814196   
4                   20000000   177.967516  1.521930   82.832777    71.923238   
5                   20000000   218.262386  1.355664  -18.635198    58.645011   
6                   20000000   -13.727494  1.575405   -5.546099  -932.435317   
7                   20000000   149.625346  1.155031   -7.162645    85.547004   
8                   20000000   132.681426  0.955922   -4.384325    96.471680   
9                   20000000  1654.446148  1.153794  -12.831548     7.736728   
10                  12500000    52.730258  0.672623 -104.380448   242.744876   

                            Chỉ tiêu khả năng sinh lợi  \
      BVPS (VND)  EV/EBITDA     Biên lợi nhuận gộp (%)   
0   10047.111643  11.392281                   0.171177   
1    8439.239475   5.975388                   0.219497   
2    6524.809153   7.679997                   0.287846   
3    9453.444842  25.355706                   0.247597   
4    9340.630646  39.617560                   0.219931   
5    9268.707408  17.855499                   0.263762   
6    9477.595119  62.241267                   0.256948   
7   10503.338367  15.840652                   0.298225   
8   10513.531022  16.772886                   0.298907   
9   10613.751807   9.384581                   0.312211   
10  10720.576760  11.814088                   0.274087   

                                                                        \
   Biên lợi nhuận ròng (%)   ROE (%)  ROIC (%)   ROA (%) Biên EBIT (%)   
0                 0.048135  0.109410  0.084348  0.056404      0.063453   
1                 0.079083  0.255871  0.155456  0.078941      0.116887   
2                 0.062237  0.106052  0.098922  0.035110      0.120636   
3                 0.011483  0.012005  0.019758  0.004510      0.039780   
4                 0.008552  0.007730  0.008312  0.002881      0.019808   
5                 0.006211  0.006257  0.027338  0.002440      0.056421   
6                -0.114763 -0.093333 -0.021640 -0.041297     -0.051039   
7                 0.007719  0.008141  0.033556  0.004359      0.052782   
8                 0.007205  0.009132  0.024748  0.005671      0.025900   
9                 0.000697  0.000894  0.042493  0.000545      0.053902   
10                0.012756  0.022782  0.043505  0.013742      0.033695   

                                                       \
   EBITDA (Tỷ đồng) EBIT (Tỷ đồng) Tỷ suất cổ tức (%)   
0       40986150113    44341515823           0.000000   
1       65622214543    56592085740           0.000000   
2       42871594176    32845823890           0.000000   
3       18675069186     7816152624           0.000000   
4       11791924020     3331932096           0.000000   
5       25694525120    10654300246           0.000000   
6        7147144472    -8293782759           0.000000   
7       24793210699    11698601867           0.000000   
8       18654819004     6936213379           0.000000   
9       25341510389    11959644862           0.000000   
10      17604973654     8015103055           0.015625   

          Chỉ tiêu thanh khoản                             \
   Chỉ số thanh toán hiện thời Chỉ số thanh toán tiền mặt   
0                     1.578970                   0.014887   
1                     0.937809                   0.009717   
2                     0.810296                   0.005064   
3                     1.317002                   0.010291   
4                     1.278494                   0.010094   
5                     1.300916                   0.005596   
6                     1.257060                   0.019209   
7                     1.397920                   0.009102   
8                     1.837333                   0.105029   
9                     1.877214                   0.720087   
10                    1.252538                   0.025299   

                                                                       \
   Chỉ số thanh toán nhanh Khả năng chi trả lãi vay Đòn bẩy tài chính   
0                 0.475759                -5.952536          1.531756   
1                 0.260355                -4.402009          3.018144   
2                 0.323593                -3.210560          3.529916   
3                 0.658838                -1.207308          2.669084   
4                 0.610724                -0.515760          2.655180   
5                 0.626961                -1.119710          2.711228   
6                 0.691617                 0.892412          2.421429   
7                 0.848013                -1.292691          2.114355   
8                 1.346518                -1.355582          1.620880   
9                 1.427371                -2.356408          1.600216   
10                0.921957                -1.370761          1.699401   

   Chỉ tiêu hiệu quả hoạt động                                            \
             Vòng quay tài sản Vòng quay TSCĐ Số ngày thu tiền bình quân   
0                     1.171790       7.589853                  36.479742   
1                     0.998208       7.104524                  47.692474   
2                     0.564129       3.798635                  87.025749   
3                     0.392710       2.536959                  91.396001   
4                     0.336882       2.052481                 101.176383   
5                     0.392766       2.131071                  90.908182   
6                     0.359850       1.662247                 118.440928   
7                     0.564701       2.698810                 116.645574   
8                     0.787070       3.921454                  98.242101   
9                     0.782058       3.075442                 100.990642   
10                    1.077292       3.923568                  66.708144   

                                                                       \
   Số ngày tồn kho bình quân Số ngày thanh toán bình quân Chu kỳ tiền   
0                 152.675840                    49.196801  238.352383   
1                 188.456047                    67.793854  303.942375   
2                 339.018306                   120.659455  546.703510   
3                 495.001801                   156.831181  743.228984   
4                 560.441903                   187.580219  849.198504   
5                 455.871890                   151.342420  698.122491   
6                 391.159014                   165.796139  675.396082   
7                 202.120700                   123.909812  442.676085   
8                 103.291261                    74.281934  275.815297   
9                  79.627855                    77.820448  258.438945   
10                 71.443511                    37.443470  175.595125   

                          Chỉ tiêu cơ cấu nguồn vốn                           \
   Vòng quay hàng tồn kho          (Vay NH+DH)/VCSH   Nợ/VCSH TSCĐ / Vốn CSH   
0                2.390686                  0.178449  0.531756       0.266865   
1                1.936791                  1.156831  2.018144       0.385679   
2                1.076638                  1.563519  2.529916       0.545606   
3                0.737371                  1.147995  1.669084       0.381622   
4                0.651272                  1.196443  1.655180       0.442932   
5                0.800664                  1.185870  1.711228       0.437823   
6                0.933124                  1.069810  1.421429       0.506784   
7                1.805852                  0.749711  1.114355       0.473441   
8                3.533697                  0.354340  0.620880       0.308152   
9                4.583823                  0.353735  0.600216       0.338188   
10               5.108931                  0.374795  0.699401       0.541020   

                        
   Vốn CSH/Vốn điều lệ  
0             1.004711  
1             0.380146  
2             0.293910  
3             0.425831  
4             0.420749  
5             0.417509  
6             0.426919  
7             0.473123  
8             0.473582  
9             0.478097  
10            0.301818  
