     CP   Năm  Hàng tồn kho ròng  Tài sản lưu động khác  \
0   HTM  2023        36004406247            47308530766   
1   HTM  2022        48190075753            49446136401   
2   HTM  2021        37274474787            35369557180   
3   HTM  2020        46455204791            35412685939   
4   HTM  2019        72075062154            36243886962   
5   HTM  2018       199936491757            26092128075   
6   HTM  2017       177289449313            30084187743   
7   HTM  2016       170332332727            74690364732   
8   HTM  2015       246040791054            81611064334   
9   HTM  2014       309082601153            63395548851   
10  HTM  2013       634268374856           161265355947   

    Giá trị ròng tài sản đầu tư  Tài sản dài hạn khác  Các quỹ khác  \
0                   98180247667          255487116432      27572162   
1                  101854083199          282889100796      27572162   
2                  105527918731          298448778610      27572162   
3                  109201754263          272957016169      27572162   
4                  112875589795          243083249320      46048001   
5                  127886559433          274896172715             0   
6                  131335463663          261882021128             0   
7                  278973191951          211752436380             0   
8                  240099525789          195948212541             0   
9                  252065711150          132854768919      27003553   
10                 248149021571          309676590387             0   

    Các quỹ khác  Các quỹ khác  Các quỹ khác  LỢI ÍCH CỦA CỔ ĐÔNG THIỂU SỐ  \
0              0      27572162             0                   20330844579   
1              0      27572162             0                   19855725445   
2              0      27572162             0                   20397220667   
3              0      27572162             0                   19215630448   
4              0      46048001             0                   17289841742   
5              0             0             0                  222586321452   
6    19068404117             0   19068404117                  206867303160   
7    19068404117             0   19068404117                  200125660823   
8    22777776697             0   22777776697                  168676761837   
9    22487328343      27003553   22487328343                   88674520654   
10   77440271779             0   77440271779                             0   

    Chứng khoán đầu tư giữ đến ngày đáo hạn  Đầu tư vào công ty con  \
0                                 400000000                       0   
1                                 400000000                       0   
2                                         0                       0   
3                              151000000000                       0   
4                              185089794464                       0   
5                              283041328767                       0   
6                              102350000000             31466433001   
7                              197181610000             31466433001   
8                               97147306834             70072866002   
9                              172036370463                       0   
10                                        0                       0   

    Đầu tư vào công ty liên doanh  Dự phòng giảm giá đầu tư dài hạn  \
0                    127070263200                       -1295000000   
1                    134378922187                       -1295000000   
2                    162918944512                       -1295000000   
3                    172864489043                                 0   
4                    217438122143                                 0   
5                    267629803378                                 0   
6                    266521004037                                 0   
7                    240830849135                                 0   
8                    255624853970                       -9100000000   
9                    168221005651                                 0   
10                   181272696150                                 0   

    Tài sản cố định hữu hình  Tài sản cố định vô hình  \
0               507596854622              46175739714   
1               531526879620              46464931825   
2               530596534409              46772754469   
3               517512432178              47098422273   
4               528734371800              47421086507   
5               716875724431              80078167965   
6               748158452019              80229362599   
7               624853698004              39023812331   
8               829246718821              70827357554   
9               658319962411              46523836488   
10              687898062186              33782283994   

    Chênh lệch đánh giá lại tài sản  TÀI SẢN NGẮN HẠN (Tỷ đồng)  \
0                       16834960235               1340355460296   
1                       16834960235               1010893596553   
2                       16834960235               1072797656608   
3                       16834960235               1156009326901   
4                       16834960235               1479356288853   
5                       12986788222               1918685864914   
6                      417684746817               2000176802783   
7                       80012486535               2195861263987   
8                      101642330088               2543425146754   
9                       50699513175               2115473903342   
10                                0               2966992763368   

    Tiền và tương đương tiền (Tỷ đồng)  \
0                          36171253569   
1                          32437244500   
2                          55469027028   
3                          17832797445   
4                         111600373229   
5                         224765595328   
6                         411915506734   
7                         512986067928   
8                         516057873796   
9                         260810668862   
10                        294378784191   

    Giá trị thuần đầu tư ngắn hạn (Tỷ đồng)  \
0                                 400000000   
1                                 400000000   
2                                         0   
3                              151000000000   
4                              185089794464   
5                              283041328767   
6                              102350000000   
7                              197181610000   
8                               97147306834   
9                              172036370463   
10                             394618263175   

    Các khoản phải thu ngắn hạn (Tỷ đồng)  \
0                           1220471269714   
1                            880420139899   
2                            944684597613   
3                            905308638726   
4                           1074347172044   
5                           1184850320987   
6                           1278537658993   
7                           1240670888600   
8                           1602568110736   
9                           1310148714013   
10                          1482461985199   

    Trả trước cho người bán ngắn hạn (Tỷ đồng)  \
0                                 345385908075   
1                                 352831683627   
2                                 353442824070   
3                                 366055425266   
4                                 399801246854   
5                                 480079668362   
6                                 592165497431   
7                                 471520296197   
8                                 583785316684   
9                                 451514023454   
10                                423452118549   

    Phải thu về cho vay ngắn hạn (Tỷ đồng)  Hàng tồn kho, ròng (Tỷ đồng)  \
0                             171467822067                   36004406247   
1                             171467822067                   48190075753   
2                             242655622067                   37274474787   
3                             180655622067                   46992677619   
4                             136164551467                   72612534982   
5                             145116309159                  200474176722   
6                             183266309159                  177827134278   
7                             168766309159                  170332332727   
8                             168866809159                  246301800671   
9                             155607090135                  309082601153   
10                                       0                  634268374856   

    Tài sản lưu động khác (Tỷ đồng)  TÀI SẢN DÀI HẠN (Tỷ đồng)  \
0                                 0              1935120220187   
1                                 0              1939885870961   
2                                 0              1952792239824   
3                                 0              1907126247991   
4                                 0              1911214270427   
5                           6000000              2264480623842   
6                                 0              2227457083551   
7                                 0              2345921310658   
8                        2493776716              2490181662196   
9                        4170407284              1968053294477   
10                      32379830716              1948300078213   

    TỔNG CỘNG NGUỒN VỐN (Tỷ đồng)  Lãi chưa phân phối (Tỷ đồng)  \
0                   3275475680483                  -36953926597   
1                   2950779467514                   -6192455807   
2                   3025589896432                    6157870018   
3                   3063135574892                   10537593042   
4                   3390570559280                   89364049225   
5                   4183166488756                  -18275847980   
6                   4227633886334                  -14980866755   
7                   4541782574645                    1324052912   
8                   5033606808950                  -31902681399   
9                   4083527197819                  -23475245012   
10                  4915292841581                  -18991815917   

    Quỹ đầu tư và phát triển (Tỷ đồng)  Cổ phiếu phổ thông (Tỷ đồng)  \
0                          33437085252                 2200000000000   
1                          33437085252                 2200000000000   
2                          33437085252                 2200000000000   
3                          33437085252                 2200000000000   
4                             24405441                 2200000000000   
5                           4651738638                 2200000000000   
6                          36321127816                 1708564257916   
7                          64267129623                 1800180290470   
8                          59043343386                 1808212941733   
9                         119353764387                  709864468271   
10                         77918673784                  609474184866   

    Vốn góp của chủ sở hữu (Tỷ đồng)  Vốn và các quỹ (Tỷ đồng)  \
0                      2200000000000             2233462280433   
1                      2200000000000             2263748632089   
2                      2200000000000             2276640453136   
3                      2200000000000             2279838585941   
4                      2200000000000             2323874969446   
5                      2200000000000             2426432502439   
6                      1708564257916             2381593144210   
7                      1800180290470             2173046195619   
8                      1808212941733             2128702652342   
9                       709864468271              967616644971   
10                      609474184866              747659973180   

    VỐN CHỦ SỞ HỮU (Tỷ đồng)  Vay và nợ thuê tài chính dài hạn (Tỷ đồng)  \
0              2233462280433                                135499244001   
1              2263748632089                                224641995053   
2              2276640453136                                274569198912   
3              2279838585941                                334427278502   
4              2323874969446                                 10635465643   
5              2426432502439                                 21199103287   
6              2381593144210                                 37039417261   
7              2173046195619                                162820043215   
8              2128702652342                                210665657232   
9               967616644971                                257070232699   
10              747659973180                                466054136881   

    Nợ dài hạn (Tỷ đồng)  Người mua trả tiền trước ngắn hạn (Tỷ đồng)  \
0           274589295812                                   3455133472   
1           371339006595                                   2619328481   
2           402437724659                                  14262235867   
3           464017525863                                   9597236559   
4           174074236633                                   9050737095   
5           340340136144                                  14777280189   
6           348234858242                                  11370940031   
7           591345296587                                  19921394906   
8           743266311621                                  43966153916   
9           808886490036                                  32095156384   
10         1606446991271                                  26502650158   

    Vay và nợ thuê tài chính ngắn hạn (Tỷ đồng)  Nợ ngắn hạn (Tỷ đồng)  \
0                                  655024449382           767424104238   
1                                  240174817274           315691828830   
2                                  216150172805           346511718637   
3                                  182572235705           319279463088   
4                                  678302044660           892621353201   
5                                  972297797206          1416393850173   
6                                 1080262543922          1497805883882   
7                                 1084781843081          1777391082439   
8                                 1202791178089          2161637844987   
9                                 1605172799385          2307024062812   
10                                1691227929480          2461330782341   

    NỢ PHẢI TRẢ (Tỷ đồng)  TỔNG CỘNG TÀI SẢN (Tỷ đồng)  \
0           1042013400050                3275475680483   
1            687030835425                2950779467514   
2            748949443296                3025589896432   
3            783296988951                3063135574892   
4           1066695589834                3390570559280   
5           1756733986317                4183166488756   
6           1846040742124                4227633886334   
7           2368736379026                4541782574645   
8           2904904156608                5033606808950   
9           3115910552848                4083527197819   
10          4067777773612                4915292841581   

    Lợi thế thương mại (Tỷ đồng)  Trả trước dài hạn (Tỷ đồng)  \
0                    32604415576                 222882700856   
1                    37100068181                 245789032615   
2                    41595720785                 256853057825   
3                    14553935592                 258403080577   
4                              0                 243083249320   
5                              0                 274896172715   
6                              0                 261882021128   
7                              0                 211752436380   
8                              0                 195945349541   
9                              0                 132851905919   
10                             0                 309584596787   

    Tài sản dài hạn khác (Tỷ đồng)  Đầu tư dài hạn (Tỷ đồng)  \
0                      66303697104              192078960304   
1                      66303697104              199387619291   
2                      66303697104              227927641616   
3                      66303697104              239168186147   
4                      73024927652              290463049795   
5                      58414980828              326044784206   
6                      52207487083              350748505447   
7                      57225965110              330047005373   
8                      48517704000              365115423972   
9                      65124244000              233345249651   
10                     58437953092              239710649242   

    Tài sản cố định (Tỷ đồng)  Phải thu dài hạn khác (Tỷ đồng)  \
0                553772594336                       1179347600   
1                577991811445                       1210942865   
2                577369288878                       1195426865   
3                564610854451                       2323026865   
4                576155458307                       2056196419   
5                796953892396                       2248979500   
6                828387814618                       2236105919   
7                663877510335                      59226767180   
8                900074076375                      59577150975   
9                704843798899                      59409785470   
10              1145079311905                       7048357350   

    Phải thu dài hạn (Tỷ đồng)  
0                   9194402717  
1                  10496632671  
2                  10302350311  
3                  11482521511  
4                  15517450944  
5                  16722931483  
6                  16210621281  
7                 310194574040  
8                 293269890302  
9                 298018705436  
10                  5684505108  
     CP   Năm  Cổ đông thiểu số  Cổ đông thiểu số  Cổ đông thiểu số  \
0   HTM  2023                 0         641385801                 0   
1   HTM  2022                 0        -261680619                 0   
2   HTM  2021                 0       -2837945532                 0   
3   HTM  2020                 0       -2232513564                 0   
4   HTM  2019                 0        6218555668                 0   
5   HTM  2018                 0        5082064567                 0   
6   HTM  2017                 0       11606466927                 0   
7   HTM  2016                 0        1366083391                 0   
8   HTM  2015                 0       -4294432398                 0   
9   HTM  2014                 0        1003061442                 0   
10  HTM  2013       99855094789        4765050909       99855094789   

    Cổ đông thiểu số  Lãi/Lỗ ròng trước thuế  Tăng trưởng doanh thu (%)  \
0          641385801            -29832667174                   0.139149   
1         -261680619            -12221308724                  -0.369305   
2        -2837945532             -1626351709                  -0.346787   
3        -2232513564               246686026                  -0.583813   
4         6218555668            150095740909                  -0.466530   
5         5082064567             39453647098                   0.065448   
6        11606466927                       0                  -0.061145   
7         1366083391                       0                  -0.099876   
8        -4294432398                       0                  -0.185243   
9         1003061442                       0                   0.125221   
10        4765050909                       0                   0.000000   

    Doanh thu (Tỷ đồng)  Lợi nhuận sau thuế của Cổ đông công ty mẹ (Tỷ đồng)  \
0          444404056088                                       -30747937457     
1          390119434024                                       -12579408384     
2          618554851916                                          989800699     
3          946942374702                                         2181974071     
4         2275283696727                                       113985332441     
5         4265065494255                                        28108212970     
6         4003073178179                                        24794192112     
7         4263782551083                                        45850487708     
8         4736885856306                                        26285546469     
9         5813864977959                                       277777648432     
10        5166863679888                                        68959398388     

    Tăng trưởng lợi nhuận (%)  Thu nhập tài chính  Thu nhập tài chính  \
0                   -1.444307         56069902619         56069902619   
1                  -13.709032         40452513663         40452513663   
2                   -0.546374         76209969220         76209969220   
3                   -0.980857         89051687983         89051687983   
4                    3.055232        199561670353        199561670353   
5                    0.133661         99837112640         99837112640   
6                   -0.459238         85698012670         85698012670   
7                    0.744323        294638833600        294638833600   
8                   -0.905372        218835480109        218835480109   
9                    3.028133        204994870473        204994870473   
10                   0.000000        151092794529        151092794529   

    Chi phí tiền lãi vay  Chi phí tiền lãi vay  Doanh thu thuần  \
0           -73352763585          -73352763585     444400301533   
1           -46880045833          -46880045833     389941376024   
2           -45269185910          -45269185910     618504650865   
3           -46837579161          -46837579161     940474185154   
4           -53244569132          -53244569132    2240101965850   
5           -73557484180          -73557484180    4244348566199   
6           -68542631858          -68542631858    3984316835114   
7           -95510706602          -95510706602    4248480482390   
8          -175824801082         -175824801082    4711449361448   
9          -303864657054         -303864657054    5761858334303   
10         -147283576396         -147283576396    5128916102317   

    Doanh thu thuần        Lãi gộp        Lãi gộp  Chi phí tài chính  \
0      444400301533   102861857442   102861857442       -75247257674   
1      389941376024   116082988424   116082988424       -50332183683   
2      618504650865    87832660581    87832660581       -48114605067   
3      940474185154   123072772207   123072772207       -53937098922   
4     2240101965850   332260350558   332260350558       -76251571778   
5     4244348566199   439742833213   439742833213       -86675067414   
6     3984316835114   438196004435   438196004435       -75389665638   
7     4248480482390   379921628866   379921628866       -98574893796   
8     4711449361448   600011790504   600011790504      -213797614372   
9     5761858334303  1096665452326  1096665452326      -317289616103   
10    5128916102317   645176407870   645176407870      -155340422241   

    Chi phí tài chính  Chi phí quản lý DN  Chi phí quản lý DN  \
0        -75247257674        -87275400140        -87275400140   
1        -50332183683        -86173419000        -86173419000   
2        -48114605067        -89312831539        -89312831539   
3        -53937098922        -93921109767        -93921109767   
4        -76251571778       -148763850288       -148763850288   
5        -86675067414       -175758340837       -175758340837   
6        -75389665638       -173143484745       -173143484745   
7        -98574893796       -260819146935       -260819146935   
8       -213797614372       -265781797326       -265781797326   
9       -317289616103       -298671661170       -298671661170   
10      -155340422241       -184426027588       -184426027588   

    Lãi/Lỗ từ hoạt động kinh doanh  Lãi/Lỗ từ hoạt động kinh doanh  \
0                     -32719932830                    -32719932830   
1                     -13745972795                    -13745972795   
2                     -18527443064                    -18527443064   
3                      -4131839002                     -4131839002   
4                     138275948449                    138275948449   
5                      31767419047                     31767419047   
6                      37086671384                     37086671384   
7                      48050363821                     48050363821   
8                      30105715869                     30105715869   
9                     350467472184                    350467472184   
10                     96507293517                     96507293517   

    Thu nhập/Chi phí khác  Giá vốn hàng bán  Chi phí bán hàng  \
0             -2004256903     -341538444091      -37518140208   
1             -4577012011     -273858387600      -53045469875   
2             -3139989657     -530671990284      -49157205780   
3             -1357456055     -817401412947      -61506324973   
4             -1750589231    -1907841615292     -165300491855   
5             -7249658072    -3804605732986     -249717214681   
6             -4157390871    -3546120830679     -238274195338   
7            -37191604667    -3868558853524     -267116057914   
8            -10608023894    -4111437570944     -309162143046   
9            -30998463957    -4665192881977     -335231573342   
10           -20860842060    -4483739694447     -359995459053   

    Chi phí bán hàng  Doanh thu bán hàng và cung cấp dịch vụ  \
0       -37518140208                            444404056088   
1       -53045469875                            390119434024   
2       -49157205780                            618554851916   
3       -61506324973                            946942374702   
4      -165300491855                           2275283696727   
5      -249717214681                           4265065494255   
6      -238274195338                           4003073178179   
7      -267116057914                           4263782551083   
8      -309162143046                           4736885856306   
9      -335231573342                           5813864977959   
10     -359995459053                           5166863679888   

    Các khoản giảm trừ doanh thu  Lãi/lỗ từ công ty liên doanh  Thu nhập khác  \
0                       -3754555                    8389105131     4891522559   
1                     -178058000                   19269597676     6101676082   
2                      -50201051                    4014569521    20041081012   
3                    -6468189548                   -6891765530     5735981083   
4                   -35181730877                   -3230158541    13570381691   
5                   -20716928056                    4338096126    14935886123   
6                   -18756343065                             0     7910062027   
7                   -15302068693                             0    51870091420   
8                   -25436494858                             0    15916002049   
9                   -52006643656                             0    37387727287   
10                  -37947577571                             0    24144545199   

    Lợi nhuận khác  LN trước thuế    Thuế TNDN  Chi phí thuế TNDN hiện hành  \
0       2887265656   -29832667174   -273884482                   -273884482   
1       1524664071   -12221308724   -619780279                   -619780279   
2      16901091355    -1626351709   -221793124                   -221793124   
3       4378525028      246686026   -297225519                   -260222108   
4      11819792460   150095740909 -29891852800                 -28830945364   
5       7686228051    39453647098  -6263369561                  -6263369561   
6       3752671156    40839342540  -4438683501                  -4438683501   
7      14678486753    62728850574 -15512279475                 -15512279475   
8       5307978155    35413694024 -13422579953                 -13422579953   
9       6389263330   356856735514 -78076025640                 -78076025640   
10      3283703139    99790996656 -26066547359                 -26066547359   

    Chi phí thuế TNDN hoãn lại  Lợi nhuận thuần  Cổ đông của Công ty mẹ  \
0                            0     -30106551656            -30747937457   
1                            0     -12841089003            -12579408384   
2                            0      -1848144833               989800699   
3                    -37003411        -50539493              2181974071   
4                  -1060907436     120203888109            113985332441   
5                            0      33190277537             28108212970   
6                            0      36400659039             24794192112   
7                            0      47216571099             45850487708   
8                            0      21991114071             26285546469   
9                            0     278780709874            277777648432   
10                           0      73724449297             68959398388   

    Lãi cơ bản trên cổ phiếu  
0                    -139.00  
1                     -57.00  
2                       4.00  
3                       9.92  
4                     546.38  
5                     144.00  
6                       0.00  
7                       0.00  
8                       0.00  
9                       0.00  
10                      0.00  
     CP   Năm  Tiền và tương đương tiền  \
0   HTM  2023               32437244500   
1   HTM  2022               55469027028   
2   HTM  2021               17832797445   
3   HTM  2020              111600373229   
4   HTM  2019              224765595328   
5   HTM  2018              412738896442   
6   HTM  2017              512986067928   
7   HTM  2016              516250855876   
8   HTM  2015              306513073233   
9   HTM  2014              294378784191   
10  HTM  2013              389992195582   

    Lãi/Lỗ chênh lệch tỷ giá chưa thực hiện  Lãi/Lỗ từ hoạt động đầu tư  \
0                                   3934738                -26897976213   
1                                2135234026                -44244467719   
2                                  63503003                -74586576113   
3                                 588120260                -73521193861   
4                                -580216094               -114486995057   
5                               -1249630172                -40858273968   
6                                         0                           0   
7                                         0                           0   
8                                         0                           0   
9                                         0                           0   
10                                        0                           0   

    Thu nhập lãi  Tăng/Giảm các khoản phải thu  Tăng/Giảm các khoản phải thu  \
0    73352763585                 -319983178168                 -319983178168   
1    46880045833                  -21631844664                  -21631844664   
2    45269185910                   72358123630                   72358123630   
3    46837579161                  114514958992                  114514958992   
4    53244569132                  108684717162                  108684717162   
5    86796823040                   66371961784                   66371961784   
6              0                             0                             0   
7              0                             0                             0   
8              0                             0                             0   
9              0                             0                             0   
10             0                             0                             0   

    Tăng/Giảm hàng tồn kho  Tăng/Giảm các khoản phải trả  \
0             -17790379125                    2656255533   
1             -10915600966                  -68775623491   
2               9718202832                  -29412646022   
3              19160836704                  -77729721619   
4             127861641740                 -417999467655   
5             -24625376395                  552325745442   
6                        0                             0   
7                        0                             0   
8                        0                             0   
9                        0                             0   
10                       0                             0   

    Tăng/Giảm các khoản phải trả  Tăng/Giảm chi phí trả trước  \
0                     2656255533                  22919085460   
1                   -68775623491                  11643506055   
2                   -29412646022                 -28899412613   
3                   -77729721619                 -14983193378   
4                  -417999467655                  23919241239   
5                   552325745442                 -17109544407   
6                              0                            0   
7                              0                            0   
8                              0                            0   
9                              0                            0   
10                             0                            0   

    Chi phí lãi vay đã trả  Tiền thu nhập doanh nghiệp đã trả  \
0             -46459857558                         -196300807   
1             -41344150725                         -605410467   
2             -47213941313                          284764356   
3             -44093936244                       -22903862374   
4             -53244569132                        -2282005529   
5              -2572937248                        -3264576043   
6                        0                                  0   
7                        0                                  0   
8                        0                                  0   
9                        0                                  0   
10                       0                                  0   

    Tiền thu khác từ các hoạt động kinh doanh  \
0                                   584991667   
1                                           0   
2                                           0   
3                                           0   
4                                           0   
5                                           0   
6                                           0   
7                                           0   
8                                           0   
9                                           0   
10                                          0   

    Tiền chi khác từ các hoạt động kinh doanh  \
0                                 -1175853333   
1                                 -1024083268   
2                                  -217840459   
3                                -16586535188   
4                                 -1917811444   
5                                491435742084   
6                                           0   
7                                           0   
8                                           0   
9                                           0   
10                                          0   

    Lưu chuyển tiền tệ ròng từ các hoạt động SXKD  \
0                                   -316720396788   
1                                   -106141241426   
2                                    -23857098071   
3                                    -40184552707   
4                                    -97791517391   
5                                   1180301967682   
6                                   1841031066990   
7                                   2272749408110   
8                                   1469243496850   
9                                   2259120849770   
10                                  1752953694650   

    Tiền thu được từ thanh lý tài sản cố định  \
0                                  1185545454   
1                                  1215063211   
2                                  1395854488   
3                                           0   
4                                  1080374545   
5                                   280635782   
6                                  1003418511   
7                                  2271764214   
8                                   771166363   
9                                  3900536875   
10                                 1977124131   

    Đầu tư vào các doanh nghiệp khác  \
0                                  0   
1                                  0   
2                                  0   
3                       -17724687364   
4                        -8349000000   
5                         -728138020   
6                        -5827270000   
7                        -4350830000   
8                       -10142838607   
9                       -21800000000   
10                       -3147062161   

    Tiền thu từ việc bán các khoản đầu tư vào doanh nghiệp khác  \
0                                         11624000000             
1                                         46598330355             
2                                         12230480000             
3                                        198161572508             
4                                        186992600000             
5                                                   0             
6                                                   0             
7                                         29397622000             
8                                         89169700000             
9                                         38405274805             
10                                         9428389439             

    Chi trả cho việc mua lại, trả cổ phiếu  Tiền thu được các khoản đi vay  \
0                                        0                    598039563571   
1                                        0                    194462874496   
2                                        0                    409221182755   
3                                        0                   1376445366688   
4                                        0                   2448395633654   
5                                        0                   3217676089953   
6                                        0                   2307870407361   
7                            -200000000000                   2184285248507   
8                                        0                   1152796766896   
9                                        0                   3584884077406   
10                                       0                   3635302660797   

    Tiền trả các khoản đi vay  Cổ tức đã trả  Lưu chuyển tiền thuần trong kỳ  \
0               -272422578183              0                      3624195990   
1               -220365433886     -133980000                    -22350926385   
2               -435501325245              0                     37584994763   
3              -1554038721000   -43975048800                    -93909698314   
4              -2725573425450    -4167837305                   -113859965528   
5              -4652740023023    -6485752651                   -189222931286   
6              -4301302694807    -4496793750                   -101069373333   
7              -4443996618388    -7883652765                     -3276306586   
8              -3400921986987    18399717808                    209520379312   
9              -5932404676081    -7920782941                    -33567064326   
10             -5362490088168    -6733338247                    -95613747434   

    Ảnh hưởng của chênh lệch tỷ giá  Tiền và tương đương tiền cuối kỳ  \
0                         109813079                       36171253569   
1                        -680856143                       32437244500   
2                          51234820                       55469027028   
3                         142122530                       17832797445   
4                         694743429                      111600373229   
5                        1249630172                      224765595328   
6                          -1187861                      411915506734   
7                          11518638                      512986067928   
8                          24421251                      516057873796   
9                          -1051003                      260810668862   
10                           336043                      294378784191   

    Khấu hao TSCĐ  Dự phòng RR tín dụng  \
0     26183251682             -84467075   
1     34034302732             -71840048   
2     29464026627             941863800   
3     27984737626            1701997787   
4     28148013886             765623452   
5     33598386467                     0   
6               0                     0   
7               0                     0   
8               0                     0   
9               0                     0   
10              0                     0   

    Lưu chuyển tiền thuần từ HĐKD trước thay đổi VLĐ  Mua sắm TSCĐ  \
0                                        42724839543  -29682834553   
1                                        26511966100  -30290581126   
2                                         -474348482  -42997300864   
3                                         2436900400  -36783614259   
4                                       117186736228  -27309920925   
5                                       117740952465  -21276191724   
6                                                  0   -9267843590   
7                                                  0  -22413127621   
8                                                  0  -12309020171   
9                                                  0  -64277388432   
10                                                 0  -49396186251   

    Tiền thu cổ tức và lợi nhuận được chia  Lưu chuyển từ hoạt động đầu tư  \
0                              11600896489                     -5272392610   
1                              21516241991                    109826854431   
2                              29093201700                     87722235324   
3                              35121182756                    168373177505   
4                              57859835349                    265277180964   
5                              35905877264                     72024786753   
6                               6072153351                     55604924272   
7                               7580163467                   -188995837940   
8                               6160088948                     63966298745   
9                              44348658417                     62548467520   
10                             36277487787                   -115895438100   

    Tăng vốn cổ phần từ góp vốn và/hoặc phát hành cổ phiếu  \
0                                                   0        
1                                                   0        
2                                                   0        
3                                          -529920000        
4                                                   0        
5                                                   0        
6                                           223716601        
7                                        380565145890        
8                                        906036086000        
9                                           205000000        
10                                         1248761634        

    Lưu chuyển tiền từ hoạt động tài chính  \
0                             325616985388   
1                             -26036539390   
2                             -26280142490   
3                            -222098323112   
4                            -281345629101   
5                           -1441549685721   
6                           -1997705364595   
7                           -2087029876756   
8                           -1323689416283   
9                           -2355236381616   
10                          -1732672003984   

    Tiền thu hồi cho vay, bán lại các công cụ nợ của đơn vị khác (Tỷ đồng)  \
0                                                   0                        
1                                        113500000000                        
2                                        237000000000                        
3                                        497065077118                        
4                                        377125500653                        
5                                        232741985270                        
6                                        323831610000                        
7                                        427416678454                        
8                                         50466915037                        
9                                        291072604786                        
10                                       387395144730                        

    Tiền chi cho vay, mua công cụ nợ của đơn vị khác (Tỷ đồng)  
0                                                   0           
1                                        -42712200000           
2                                       -149000000000           
3                                       -507466353254           
4                                       -322122208658           
5                                       -174899381819           
6                                       -260207144000           
7                                       -628898108454           
8                                        -60149712825           
9                                       -229101218931           
10                                      -498430335775           
   Meta          Chỉ tiêu định giá                    \
     CP   Năm Kỳ               P/B Vốn hóa (Tỷ đồng)   
0   HTM  2023  5          0.984126     2178000000000   
1   HTM  2022  5          1.266237     2841300000000   
2   HTM  2021  5          1.788380     4035020000000   
3   HTM  2020  5          1.819852     4114000000000   
4   HTM  2019  5          1.888506     4356000000000   
5   HTM  2018  5          1.976544     4356000000000   
6   HTM  2017  5          1.555579     3382957230674   
7   HTM  2016  5          1.806640     3564356975131   
8   HTM  2015  5          1.826640     3580261624631   
9   HTM  2014  5          1.599117     1405531647177   
10  HTM  2013  5          1.614048     1206758886035   

                                                                              \
   Số CP lưu hành (Triệu CP)          P/E       P/S P/Cash Flow    EPS (VND)   
0                  220000000   -70.834019  4.900987   -6.876728  -139.763352   
1                  220000000  -225.869128  7.286480  -26.769048   -57.179129   
2                  220000000  4232.426185  6.523831 -169.132892     4.499094   
3                  220000000  2118.008382  4.374389 -102.377648     9.918064   
4                  220000000    38.976423  1.944554  -44.543741   518.115147   
5                  220000000   163.955325  1.026306    3.690581   127.764604   
6                  170856426   136.441519  0.849068    1.837534   145.117118   
7                  180018029    77.738693  0.838972    1.568302   254.699421   
8                  180821294   136.206475  0.759907    2.436806   145.367539   
9                   70986447     5.059916  0.243937    0.622159  3913.108208   
10                  60947418    17.499556  0.235285    0.688415  1131.457257   

                              Chỉ tiêu khả năng sinh lợi  \
      BVPS (VND)    EV/EBITDA     Biên lợi nhuận gộp (%)   
0   10059.688345   689.710691                   0.231462   
1   10199.513212   300.381605                   0.297693   
2   10255.651057  -211.127210                   0.142008   
3   10275.558889 -1055.662698                   0.130862   
4   10484.477853   106.450344                   0.148324   
5   10017.482641   107.064874                   0.103607   
6   12728.381921   152.673619                   0.109980   
7   10959.571912   -29.044449                   0.089425   
8   10839.574506    34.454508                   0.127352   
9   12381.830104     5.462552                   0.190332   
10  12267.295182    31.457692                   0.125792   

                                                                        \
   Biên lợi nhuận ròng (%)   ROE (%)  ROIC (%)   ROA (%) Biên EBIT (%)   
0                -0.069190 -0.013798 -0.007253 -0.009877     -0.049351   
1                -0.032260 -0.005591 -0.008479 -0.004210     -0.059332   
2                 0.001600  0.000434 -0.018298  0.000325     -0.081871   
3                 0.002320  0.000948 -0.011568  0.000676     -0.034402   
4                 0.050884  0.047991  0.006040  0.030100      0.008123   
5                 0.006623  0.011692  0.004172  0.006684      0.003361   
6                 0.006223  0.010887  0.007653  0.005655      0.006721   
7                 0.010792  0.021317 -0.043271  0.009577     -0.034839   
8                 0.005579  0.016979  0.007077  0.005766      0.005321   
9                 0.048210  0.323887  0.163528  0.061736      0.080315   
10                0.013445  0.092234  0.034684  0.014030      0.019644   

                                                       \
   EBITDA (Tỷ đồng) EBIT (Tỷ đồng) Tỷ suất cổ tức (%)   
0        4251568776   -21931682906           0.000000   
1       10898402281   -23135900451           0.000000   
2      -21173350111   -50637376738           0.000000   
3       -4369924907   -32354662533           0.000000   
4       46344022301    18196008415           0.010101   
5       47865664162    14267277695           0.000000   
6       26778324352    26778324352           0.000000   
7     -148013575983  -148013575983           0.000000   
8      129958629077    25067850132           0.000000   
9      550468712400   462762217814           0.000000   
10     100754921229   100754921229           0.000000   

          Chỉ tiêu thanh khoản                             \
   Chỉ số thanh toán hiện thời Chỉ số thanh toán tiền mặt   
0                     1.746564                   0.047133   
1                     3.202153                   0.102750   
2                     3.095992                   0.160078   
3                     3.620682                   0.055853   
4                     1.657317                   0.125025   
5                     1.354627                   0.158689   
6                     1.335405                   0.275013   
7                     1.235441                   0.288617   
8                     1.176619                   0.238735   
9                     0.916971                   0.113051   
10                    1.205443                   0.279929   

                                                                       \
   Chỉ số thanh toán nhanh Khả năng chi trả lãi vay Đòn bẩy tài chính   
0                 1.637481                 0.298989          1.466546   
1                 2.891609                 0.493513          1.303493   
2                 2.886349                 1.118584          1.328971   
3                 2.891327                 0.690784          1.343576   
4                 1.328612                -0.341744          1.459016   
5                 0.995215                -0.193961          1.723999   
6                 1.128620                -0.390681          1.775129   
7                 0.986647                 1.549707          2.090053   
8                 0.980102                -0.142573          2.364636   
9                 0.680946                -1.522922          4.220191   
10                0.882230                -0.684088          6.574236   

   Chỉ tiêu hiệu quả hoạt động                                            \
             Vòng quay tài sản Vòng quay TSCĐ Số ngày thu tiền bình quân   
0                     0.142750       0.785323                 226.831781   
1                     0.130494       0.675012                 235.700928   
2                     0.203164       1.083214                 148.889678   
3                     0.291452       1.648846                 137.924213   
4                     0.591545       3.262817                  72.225591   
5                     1.009262       5.222715                  36.655537   
6                     0.908685       5.339958                  53.107265   
7                     0.887375       5.433008                  72.918860   
8                     1.033537       5.871265                  67.464272   
9                     1.280581       6.229295                  49.560628   
10                    1.043461       4.479092                  55.570232   

                                                                       \
   Số ngày tồn kho bình quân Số ngày thanh toán bình quân Chu kỳ tiền   
0                  44.989058                    36.503227  308.324067   
1                  56.953817                    40.347877  333.002621   
2                  28.979776                    24.964234  202.833688   
3                  26.704078                    26.037826  190.666117   
4                  26.122884                    17.901005  116.249480   
5                  18.146424                    12.296980   67.098941   
6                  17.917918                    17.502091   88.527274   
7                  19.654795                    17.802206  110.375860   
8                  24.652607                    18.975269  111.092147   
9                  36.903416                    25.653552  112.117596   
10                 51.632783                    33.454193  140.657208   

                          Chỉ tiêu cơ cấu nguồn vốn                           \
   Vòng quay hàng tồn kho          (Vay NH+DH)/VCSH   Nợ/VCSH TSCĐ / Vốn CSH   
0                8.113084                  0.414613  0.466546       0.247944   
1                6.408701                  0.304565  0.303493       0.255325   
2               12.594990                  0.336148  0.328971       0.253606   
3               13.668324                  0.373459  0.343576       0.247654   
4               13.972424                  0.301037  0.459016       0.247929   
5               20.114156                  0.418184  0.723999       0.328447   
6               20.370670                  0.484693  0.775129       0.347829   
7               18.570532                  0.649053  1.090053       0.305505   
8               14.805737                  0.762964  1.364636       0.422828   
9                9.890683                  2.190241  3.220191       0.728433   
10               7.069152                  3.508729  5.440679       1.531551   

                        
   Vốn CSH/Vốn điều lệ  
0             1.015210  
1             1.028977  
2             1.034837  
3             1.036290  
4             1.056307  
5             1.102924  
6             1.082542  
7             0.987748  
8             0.967592  
9             0.439826  
10            0.339845  
